/home/lab/data/2026-10-08: тиков 286268, сигналов 15182
/home/lab/data/2026-10-09: тиков 104546, сигналов 9670
           вариант   L  сигн  окон  исполн  цшейр_расчёт  цшейр_маркаут  цсигнал  ИИ_низ  ИИ_верх       дни
thr0.02_s1.5_slip0 200  1764   211   0.251         -3.11           0.93    -0.78   -2.02     0.41 -0.5 -1.2
thr0.02_s1.5_slip0 300  1764   211   0.227         -4.09           0.70    -0.92   -2.11     0.26 -0.6 -1.4
thr0.02_s1.5_slip0 450  1764   211   0.204         -6.12           0.08    -1.25   -2.41    -0.28 -0.9 -1.7
thr0.02_s1.5_slip2 200  1764   211   0.387         -1.02           0.70    -0.39   -1.83     1.08 -0.5 -0.3
thr0.02_s1.5_slip2 300  1764   211   0.338         -2.84          -0.03    -0.96   -2.28     0.40 -0.9 -1.0
thr0.02_s1.5_slip2 450  1764   211   0.310         -4.18          -0.47    -1.30   -2.50     0.02 -1.4 -1.1
  thr0.02_s1_slip0 200  3941   219   0.322         -0.59           0.05    -0.19   -1.16     0.75 +0.1 -0.7
  thr0.02_s1_slip0 300  3941   219   0.290         -0.81          -0.19    -0.23   -1.19     0.71 +0.1 -0.8
  thr0.02_s1_slip0 450  3941   219   0.268         -2.21          -0.71    -0.58   -1.48     0.29 -0.3 -1.0
  thr0.02_s1_slip2 200  3941   219   0.514          0.50          -0.15     0.25   -0.86     1.45 +0.5 -0.1
  thr0.02_s1_slip2 300  3941   219   0.461         -0.49          -0.62    -0.23   -1.33     0.89 -0.1 -0.5
  thr0.02_s1_slip2 450  3941   219   0.434         -0.91          -1.10    -0.39   -1.50     0.75 -0.3 -0.5
  thr0.02_s2_slip0 200   903   183   0.214         -3.70           4.04    -0.79   -2.28     0.62 -0.7 -1.0
  thr0.02_s2_slip0 300   903   183   0.190         -3.80           3.60    -0.72   -2.15     0.59 -0.3 -1.4
  thr0.02_s2_slip0 450   903   183   0.163         -8.47           2.16    -1.37   -2.62    -0.11 -0.9 -2.1
  thr0.02_s2_slip2 200   903   183   0.308         -1.53           3.16    -0.47   -2.03     1.11 -0.3 -0.6
  thr0.02_s2_slip2 300   903   183   0.264         -3.09           2.49    -0.81   -2.42     0.66 -0.4 -1.4
  thr0.02_s2_slip2 450   903   183   0.233         -5.17           1.51    -1.20   -2.65     0.34 -1.1 -1.3
thr0.03_s1.5_slip0 200  1021   190   0.218         -2.87           2.90    -0.62   -1.96     0.65 -0.6 -0.6
thr0.03_s1.5_slip0 300  1021   190   0.197         -2.69           2.52    -0.53   -1.83     0.71 -0.2 -1.1
thr0.03_s1.5_slip0 450  1021   190   0.169         -6.66           1.19    -1.12   -2.32     0.01 -0.8 -1.6
thr0.03_s1.5_slip2 200  1021   190   0.317         -1.57           2.15    -0.49   -1.92     0.94 -0.5 -0.4
thr0.03_s1.5_slip2 300  1021   190   0.272         -3.43           1.45    -0.93   -2.29     0.44 -0.7 -1.3
thr0.03_s1.5_slip2 450  1021   190   0.245         -5.32           0.64    -1.30   -2.50     0.04 -1.4 -1.1
  thr0.03_s1_slip0 200  2526   215   0.285         -1.43           0.61    -0.41   -1.54     0.74 -0.4 -0.4
  thr0.03_s1_slip0 300  2526   215   0.256         -2.42           0.42    -0.62   -1.70     0.48 -0.6 -0.6
  thr0.03_s1_slip0 450  2526   215   0.236         -3.79          -0.27    -0.89   -1.91     0.14 -0.9 -0.8
  thr0.03_s1_slip2 200  2526   215   0.439          0.16           0.35     0.07   -1.22     1.51 -0.3 +0.7
  thr0.03_s1_slip2 300  2526   215   0.391         -1.43          -0.26    -0.56   -1.80     0.83 -0.9 +0.0
  thr0.03_s1_slip2 450  2526   215   0.363         -2.60          -0.80    -0.94   -2.15     0.26 -1.4 -0.1
  thr0.03_s2_slip0 200   496   149   0.190          4.52           6.91     0.85   -1.02     2.64 -0.2 +2.3
  thr0.03_s2_slip0 300   496   149   0.165          3.31           5.98     0.54   -1.31     2.35 -0.3 +1.7
  thr0.03_s2_slip0 450   496   149   0.133         -2.59           3.88    -0.34   -1.81     1.29 -1.2 +0.8
  thr0.03_s2_slip2 200   496   149   0.264          4.88           5.82     1.28   -0.63     3.38 +0.2 +2.7
  thr0.03_s2_slip2 300   496   149   0.216          3.40           4.77     0.73   -0.96     2.50 -0.2 +1.9
  thr0.03_s2_slip2 450   496   149   0.183          0.86           2.93     0.16   -1.69     1.96 -1.1 +1.9
thr0.05_s1.5_slip0 200   429   141   0.191          4.92           7.10     0.93   -0.99     2.76 -0.2 +2.4
thr0.05_s1.5_slip0 300   429   141   0.172          3.92           5.84     0.67   -1.05     2.52 -0.3 +1.9
thr0.05_s1.5_slip0 450   429   141   0.133         -0.85           2.77    -0.11   -1.70     1.57 -1.5 +1.7
thr0.05_s1.5_slip2 200   429   141   0.268          5.61           6.09     1.49   -0.43     3.63 +0.6 +2.7
thr0.05_s1.5_slip2 300   429   141   0.221          4.42           4.68     0.97   -0.72     2.70 +0.1 +2.1
thr0.05_s1.5_slip2 450   429   141   0.186          2.76           2.55     0.51   -1.29     2.31 -0.9 +2.3
  thr0.05_s1_slip0 200  1173   193   0.221         -1.53           2.34    -0.34   -1.52     0.80 -0.2 -0.6
  thr0.05_s1_slip0 300  1173   193   0.200         -2.17           2.22    -0.43   -1.59     0.70 -0.0 -1.0
  thr0.05_s1_slip0 450  1173   193   0.179         -4.60           1.18    -0.82   -1.83     0.15 -0.5 -1.3
  thr0.05_s1_slip2 200  1173   193   0.334         -0.23           1.67    -0.08   -1.45     1.40 -0.1 -0.0
  thr0.05_s1_slip2 300  1173   193   0.288         -1.72           1.11    -0.49   -1.80     0.81 -0.0 -1.2
  thr0.05_s1_slip2 450  1173   193   0.260         -3.26           0.57    -0.85   -2.11     0.37 -0.8 -0.9
  thr0.05_s2_slip0 200   173    89   0.162          4.68           7.93     0.73   -2.15     3.29 -0.5 +2.0
  thr0.05_s2_slip0 300   173    89   0.145          4.73           6.31     0.66   -2.07     3.14 -0.1 +1.5
  thr0.05_s2_slip0 450   173    89   0.104         -0.07           1.98    -0.01   -2.00     2.04 -1.0 +1.0
  thr0.05_s2_slip2 200   173    89   0.214         -0.04           7.54    -0.01   -2.97     2.73 -0.7 +0.7
  thr0.05_s2_slip2 300   173    89   0.162          2.74           6.03     0.43   -2.19     2.89 +0.0 +0.8
  thr0.05_s2_slip2 450   173    89   0.133          2.36           1.73     0.30   -1.81     2.28 -0.5 +1.2

=== досрочный выход (продажа по bid с комиссией), топ-30 по нижней границе ИИ ===
           вариант   L  выход_с  сигн  окон  исполн  цшейр_исп  цсигнал  ИИ_низ  ИИ_верх
  thr0.03_s2_slip2 200      5.0   496   149   0.264       4.23     1.12    0.53     1.75
  thr0.03_s2_slip0 200     10.0   496   149   0.190       5.64     1.07    0.50     1.70
thr0.05_s1.5_slip2 200      5.0   429   141   0.268       4.23     1.13    0.49     1.77
thr0.05_s1.5_slip0 300      2.0   429   141   0.172       5.12     0.88    0.48     1.33
  thr0.03_s2_slip0 200      5.0   496   149   0.190       5.30     1.01    0.44     1.58
thr0.05_s1.5_slip0 200     10.0   429   141   0.191       5.36     1.02    0.44     1.64
thr0.05_s1.5_slip0 200      5.0   429   141   0.191       5.10     0.97    0.44     1.52
  thr0.03_s2_slip2 200     10.0   496   149   0.264       4.26     1.13    0.43     1.79
thr0.05_s1.5_slip2 200     10.0   429   141   0.268       4.00     1.07    0.41     1.74
  thr0.03_s2_slip0 300      2.0   496   149   0.165       4.83     0.80    0.41     1.27
thr0.05_s1.5_slip2 300      2.0   429   141   0.221       3.84     0.85    0.39     1.33
thr0.05_s1.5_slip2 200      2.0   429   141   0.268       3.51     0.94    0.33     1.48
  thr0.03_s2_slip2 300      2.0   496   149   0.216       3.44     0.74    0.32     1.20
  thr0.02_s2_slip0 200     10.0   903   183   0.214       3.38     0.72    0.31     1.13
  thr0.03_s2_slip2 200      2.0   496   149   0.264       3.22     0.85    0.30     1.33
thr0.05_s1.5_slip0 300     10.0   429   141   0.172       4.86     0.84    0.27     1.43
  thr0.05_s2_slip2 300      2.0   173    89   0.162       6.25     1.01    0.26     1.91
  thr0.03_s2_slip0 300     10.0   496   149   0.165       4.54     0.75    0.26     1.28
thr0.05_s1.5_slip2 300     10.0   429   141   0.221       3.86     0.85    0.25     1.48
  thr0.03_s2_slip2 300     10.0   496   149   0.216       3.52     0.76    0.24     1.33
thr0.05_s1.5_slip0 200      2.0   429   141   0.191       4.00     0.77    0.23     1.26
  thr0.02_s2_slip0 200      5.0   903   183   0.214       2.54     0.54    0.23     0.85
  thr0.02_s2_slip2 200     10.0   903   183   0.308       2.22     0.68    0.23     1.18
  thr0.05_s2_slip0 300      2.0   173    89   0.145       6.79     0.98    0.23     1.90
  thr0.03_s2_slip0 200      2.0   496   149   0.190       3.73     0.71    0.23     1.17
  thr0.03_s2_slip0 300      5.0   496   149   0.165       4.07     0.67    0.21     1.19
  thr0.02_s2_slip0 300     10.0   903   183   0.190       2.88     0.55    0.19     0.92
thr0.03_s1.5_slip0 200     10.0  1021   190   0.218       2.58     0.56    0.19     0.98
thr0.05_s1.5_slip0 300      5.0   429   141   0.172       3.84     0.66    0.18     1.16
  thr0.02_s2_slip2 200      5.0   903   183   0.308       1.75     0.54    0.16     0.93

строк с ИИ_низ > 0: 37 из 270  (при 270 сравнениях часть таких строк случайна)

=== отложенная выборка: топ-15 по первой половине окон, результат на второй ===
                                окон_обуч  исполн_обуч  цсигнал_обуч  ИИ_низ_обуч  окон_тест  исполн_тест  цсигнал_тест  ИИ_низ_тест  ИИ_верх
вариант            L   выход_с                                                                                                               
thr0.05_s2_slip0   300 2.0             33         0.17          1.72         0.11         56         0.13          0.61         0.01     1.39
thr0.05_s2_slip2   300 2.0             33         0.19          1.67         0.03         56         0.15          0.68         0.01     1.49
thr0.05_s1.5_slip2 200 60.0            64         0.27          1.40        -0.84         77         0.27          1.86        -0.50     4.44
thr0.05_s1.5_slip0 300 2.0             64         0.20          1.29         0.60         77         0.15          0.58         0.11     1.01
thr0.05_s1.5_slip2 200 5.0             64         0.27          1.28         0.37         77         0.27          1.02         0.08     1.85
thr0.05_s2_slip2   200 5.0             33         0.21          1.26        -0.39         56         0.22          1.19        -0.31     2.69
thr0.05_s1.5_slip0 200 5.0             64         0.21          1.25         0.61         77         0.18          0.77         0.01     1.58
thr0.05_s1.5_slip2 300 2.0             64         0.24          1.24         0.56         77         0.21          0.56         0.08     1.07
thr0.03_s2_slip2   200 60.0            69         0.25          1.24        -0.70         80         0.28          1.49        -0.49     3.92
thr0.05_s2_slip2   200 2.0             33         0.21          1.20         0.12         56         0.22          1.06        -0.83     2.79
thr0.03_s2_slip0   200 5.0             69         0.20          1.18         0.56         80         0.18          0.87         0.13     1.82
thr0.05_s1.5_slip2 200 2.0             64         0.27          1.13         0.68         77         0.27          0.80        -0.33     1.69
thr0.03_s2_slip2   200 5.0             69         0.25          1.11         0.43         80         0.28          1.12         0.25     2.12
thr0.03_s2_slip0   300 2.0             69         0.18          1.06         0.42         80         0.15          0.60         0.11     1.14
thr0.05_s1.5_slip0 200 2.0             64         0.21          1.05         0.64         77         0.18          0.55        -0.37     1.33

все 270 вариантов: средний цсигнал обуч 0.01, тест -0.09; у топ-15 по обуч.: тест 0.92

=== средний цсигнал по выходу и задержке (все варианты) ===
L         200   300   450
выход_с                  
2.0      0.15  0.10 -0.16
5.0      0.29  0.03 -0.29
10.0     0.37  0.19 -0.27
30.0     0.05  0.03 -0.44
60.0    -0.05 -0.06 -0.53
