/home/lab/data/2026-10-08: тиков 93847, сигналов 8340
/home/lab/data/2026-10-09: тиков 18627, сигналов 3380
           вариант   L  сигн  окон  исполн  цшейр_расчёт  цшейр_маркаут  цсигнал  ИИ_низ  ИИ_верх       дни
thr0.02_s1.5_slip0 200   776   175   0.143          7.05           8.34     1.01   -0.24     2.34 +0.4 +2.6
thr0.02_s1.5_slip0 300   776   175   0.104          4.46           7.90     0.47   -0.39     1.47 +0.1 +1.4
thr0.02_s1.5_slip0 450   776   175   0.084          0.29           6.78     0.02   -0.87     0.96 -0.4 +1.1
thr0.02_s1.5_slip2 200   776   175   0.202          4.82           6.65     0.97   -0.48     2.55 +0.3 +2.7
thr0.02_s1.5_slip2 300   776   175   0.144          3.17           5.63     0.46   -0.70     1.72 +0.1 +1.3
thr0.02_s1.5_slip2 450   776   175   0.120         -0.65           4.51    -0.08   -0.99     0.93 -0.5 +1.2
  thr0.02_s1_slip0 200  2241   211   0.129          3.51           3.52     0.45   -0.13     1.04 +0.3 +0.9
  thr0.02_s1_slip0 300  2241   211   0.104         -1.06           2.22    -0.11   -0.62     0.42 -0.2 +0.1
  thr0.02_s1_slip0 450  2241   211   0.093         -1.17           1.52    -0.11   -0.66     0.40 -0.2 +0.1
  thr0.02_s1_slip2 200  2241   211   0.258          2.89           2.02     0.74   -0.16     1.61 +0.5 +1.2
  thr0.02_s1_slip2 300  2241   211   0.205          0.81           0.98     0.17   -0.62     0.99 +0.0 +0.5
  thr0.02_s1_slip2 450  2241   211   0.188         -1.74           0.14    -0.32   -1.04     0.38 -0.6 +0.5
  thr0.02_s2_slip0 200   326   127   0.166          7.17          12.51     1.19   -0.77     3.14 +1.1 +1.4
  thr0.02_s2_slip0 300   326   127   0.110          6.25          12.13     0.69   -0.95     2.26 +0.6 +0.9
  thr0.02_s2_slip0 450   326   127   0.080          3.91          11.47     0.31   -1.11     1.79 +0.3 +0.3
  thr0.02_s2_slip2 200   326   127   0.221          2.80          10.55     0.62   -1.40     3.10 +0.2 +1.6
  thr0.02_s2_slip2 300   326   127   0.135          2.86          10.33     0.39   -1.14     1.92 +0.0 +1.2
  thr0.02_s2_slip2 450   326   127   0.107         -0.69           9.40    -0.07   -1.41     1.33 -0.4 +0.6
thr0.03_s1.5_slip0 200   403   145   0.151          4.80          11.56     0.73   -0.99     2.54 +0.7 +0.8
thr0.03_s1.5_slip0 300   403   145   0.102          1.39          11.03     0.14   -1.25     1.55 +0.0 +0.4
thr0.03_s1.5_slip0 450   403   145   0.074          0.08          10.46     0.01   -1.18     1.18 +0.0 -0.1
thr0.03_s1.5_slip2 200   403   145   0.211          2.90           9.74     0.61   -1.27     2.57 +0.4 +1.0
thr0.03_s1.5_slip2 300   403   145   0.127         -1.75           9.27    -0.22   -1.46     1.13 -0.6 +0.7
thr0.03_s1.5_slip2 450   403   145   0.097         -3.14           8.88    -0.30   -1.38     0.89 -0.5 +0.1
  thr0.03_s1_slip0 200  1277   194   0.125          3.19           5.98     0.40   -0.40     1.20 +0.1 +1.1
  thr0.03_s1_slip0 300  1277   194   0.103          0.72           4.87     0.07   -0.58     0.72 -0.0 +0.3
  thr0.03_s1_slip0 450  1277   194   0.079         -1.83           4.15    -0.14   -0.84     0.48 -0.3 +0.2
  thr0.03_s1_slip2 200  1277   194   0.208          2.98           4.24     0.62   -0.44     1.66 +0.4 +1.3
  thr0.03_s1_slip2 300  1277   194   0.163          1.05           3.16     0.17   -0.78     1.16 +0.0 +0.6
  thr0.03_s1_slip2 450  1277   194   0.131         -1.84           2.14    -0.24   -1.11     0.64 -0.7 +0.9
  thr0.03_s2_slip0 200   169    92   0.195         10.46          13.57     2.04   -0.69     4.77 +2.5 +1.1
  thr0.03_s2_slip0 300   169    92   0.142         10.05          12.59     1.43   -1.12     3.91 +2.1 +0.0
  thr0.03_s2_slip0 450   169    92   0.095         20.77          11.99     1.97   -0.07     4.09 +2.5 +0.9
  thr0.03_s2_slip2 200   169    92   0.225          8.19          12.15     1.84   -1.09     4.65 +1.7 +2.0
  thr0.03_s2_slip2 300   169    92   0.166          8.68          12.05     1.44   -0.67     3.91 +1.5 +1.3
  thr0.03_s2_slip2 450   169    92   0.107         16.08          10.66     1.71   -0.16     3.61 +1.9 +1.4
thr0.05_s1.5_slip0 200   137    81   0.212         11.36          13.20     2.40   -0.74     5.57 +3.1 +0.7
thr0.05_s1.5_slip0 300   137    81   0.146         11.94          11.94     1.74   -1.21     4.71 +2.6 -0.4
thr0.05_s1.5_slip0 450   137    81   0.088         23.97          11.68     2.10   -0.11     4.17 +2.5 +1.2
thr0.05_s1.5_slip2 200   137    81   0.234          9.88          12.12     2.31   -1.16     5.66 +2.5 +1.8
thr0.05_s1.5_slip2 300   137    81   0.161          9.26          12.14     1.49   -1.22     4.11 +1.9 +0.5
thr0.05_s1.5_slip2 450   137    81   0.102         19.60           9.14     2.00   -0.10     4.03 +2.4 +1.2
  thr0.05_s1_slip0 200   483   154   0.151          2.28           9.79     0.34   -1.03     1.73 +0.4 +0.3
  thr0.05_s1_slip0 300   483   154   0.106          0.42           8.82     0.04   -1.07     1.18 +0.1 -0.1
  thr0.05_s1_slip0 450   483   154   0.081         -2.32           8.14    -0.19   -1.22     0.83 -0.1 -0.5
  thr0.05_s1_slip2 200   483   154   0.211          0.53           8.28     0.11   -1.46     1.82 -0.0 +0.4
  thr0.05_s1_slip2 300   483   154   0.137         -4.52           6.67    -0.62   -1.71     0.60 -0.9 -0.1
  thr0.05_s1_slip2 450   483   154   0.106         -4.08           6.16    -0.43   -1.48     0.72 -0.5 -0.3
  thr0.05_s2_slip0 200    48    35   0.167          3.97          17.85     0.66   -5.24     6.06 +1.2 -0.5
  thr0.05_s2_slip0 300    48    35   0.104         -6.28          11.02    -0.65   -5.41     3.95 -0.7 -0.6
  thr0.05_s2_slip0 450    48    35   0.083         -5.45           8.30    -0.45   -4.81     3.94 -0.7 +0.0
  thr0.05_s2_slip2 200    48    35   0.188          5.10          16.27     0.96   -4.72     6.75 +1.7 -0.5
  thr0.05_s2_slip2 300    48    35   0.104         -6.28          11.02    -0.65   -5.22     3.53 -0.7 -0.6
  thr0.05_s2_slip2 450    48    35   0.083         -5.45           8.30    -0.45   -5.23     4.26 -0.7 +0.0

=== досрочный выход (продажа по bid с комиссией), топ-30 по нижней границе ИИ ===
           вариант   L  выход_с  сигн  окон  исполн  цшейр_исп  цсигнал  ИИ_низ  ИИ_верх
  thr0.03_s2_slip0 200      5.0   169    92   0.195      11.86     2.32    1.19     3.60
  thr0.03_s2_slip2 200      2.0   169    92   0.225       9.42     2.12    1.13     3.24
thr0.05_s1.5_slip2 200      2.0   137    81   0.234      10.31     2.41    1.09     4.00
  thr0.03_s2_slip2 200      5.0   169    92   0.225      10.32     2.32    1.08     3.66
  thr0.02_s2_slip2 200      5.0   326   127   0.221       8.60     1.90    1.07     2.79
thr0.05_s1.5_slip0 200      2.0   137    81   0.212      11.21     2.37    1.06     3.80
thr0.05_s1.5_slip0 200      5.0   137    81   0.212      11.50     2.43    1.06     3.98
thr0.05_s1.5_slip2 200      5.0   137    81   0.234      10.23     2.39    1.03     4.01
  thr0.02_s2_slip0 200      5.0   326   127   0.166      10.58     1.75    1.01     2.61
  thr0.03_s2_slip0 200      2.0   169    92   0.195      10.69     2.09    1.00     3.31
thr0.03_s1.5_slip2 200      5.0   403   145   0.211       7.79     1.64    0.97     2.37
  thr0.02_s2_slip2 200      2.0   326   127   0.221       7.45     1.65    0.95     2.37
  thr0.03_s2_slip0 200     60.0   169    92   0.195      14.27     2.79    0.93     4.79
thr0.03_s1.5_slip0 200      5.0   403   145   0.151       9.65     1.46    0.87     2.12
thr0.03_s1.5_slip2 200      2.0   403   145   0.211       6.79     1.43    0.86     2.03
thr0.05_s1.5_slip0 200     60.0   137    81   0.212      14.73     3.12    0.86     5.55
  thr0.02_s2_slip0 200      2.0   326   127   0.166       8.99     1.49    0.85     2.16
  thr0.03_s2_slip0 200     10.0   169    92   0.195      12.38     2.42    0.85     4.11
  thr0.03_s2_slip0 200     30.0   169    92   0.195      11.75     2.29    0.83     4.07
  thr0.03_s2_slip2 300      2.0   169    92   0.166       9.14     1.52    0.82     2.33
  thr0.03_s2_slip2 200     10.0   169    92   0.225      11.06     2.49    0.79     4.41
  thr0.03_s2_slip2 200     30.0   169    92   0.225      10.21     2.30    0.79     3.90
  thr0.05_s1_slip2 200      5.0   483   154   0.211       6.38     1.35    0.76     1.97
  thr0.05_s1_slip2 200      2.0   483   154   0.211       5.78     1.22    0.73     1.78
  thr0.05_s2_slip0 200      2.0    48    35   0.167      16.01     2.67    0.71     5.12
  thr0.05_s2_slip2 200      2.0    48    35   0.188      14.26     2.67    0.69     5.02
  thr0.03_s2_slip0 300      5.0   169    92   0.142      10.58     1.50    0.69     2.41
thr0.03_s1.5_slip0 200      2.0   403   145   0.151       8.01     1.21    0.69     1.80
  thr0.03_s2_slip2 300      5.0   169    92   0.166      10.12     1.68    0.67     2.71
thr0.05_s1.5_slip2 300      2.0   137    81   0.161      10.13     1.63    0.67     2.68

строк с ИИ_низ > 0: 145 из 270  (при 270 сравнениях часть таких строк случайна)

=== отложенная выборка: топ-15 по первой половине окон, результат на второй ===
                                окон_обуч  исполн_обуч  цсигнал_обуч  ИИ_низ_обуч  окон_тест  исполн_тест  цсигнал_тест  ИИ_низ_тест  ИИ_верх
вариант            L   выход_с                                                                                                               
thr0.05_s1.5_slip0 200 60.0            41         0.22          3.43         0.24         40         0.20          2.64         0.44     5.38
thr0.03_s2_slip0   200 60.0            46         0.21          3.04         0.12         46         0.17          2.43         0.53     4.73
thr0.05_s1.5_slip0 300 60.0            41         0.17          2.86        -0.67         40         0.11          1.36         0.08     2.89
thr0.05_s1.5_slip2 200 60.0            41         0.24          2.70        -0.65         40         0.22          2.43         0.02     4.87
thr0.05_s2_slip2   200 10.0            20         0.20          2.70        -1.33         15         0.17          5.04         0.41    10.83
thr0.03_s2_slip2   200 30.0            46         0.24          2.70         0.48         46         0.20          1.72         0.29     3.43
thr0.05_s2_slip0   200 10.0            20         0.17          2.69        -1.42         15         0.17          5.04         0.00    10.35
thr0.03_s2_slip0   450 60.0            46         0.15          2.61         0.44         46         0.01          0.43         0.00     1.32
                   300 60.0            46         0.17          2.57        -0.25         46         0.10          1.14         0.10     2.46
thr0.05_s1.5_slip2 200 30.0            41         0.24          2.50         0.03         40         0.22          1.94         0.07     4.20
thr0.05_s1.5_slip0 200 30.0            41         0.22          2.47         0.06         40         0.20          2.24         0.35     4.61
thr0.03_s2_slip0   200 30.0            46         0.21          2.45         0.14         46         0.17          2.08         0.54     3.98
thr0.05_s1.5_slip2 450 60.0            41         0.16          2.45         0.34         40         0.02          0.56         0.00     1.70
thr0.03_s2_slip2   200 60.0            46         0.24          2.41        -0.30         46         0.20          2.32         0.46     4.60
thr0.05_s1.5_slip2 300 60.0            41         0.18          2.39        -0.50         40         0.13          2.00         0.10     3.99

все 270 вариантов: средний цсигнал обуч 0.71, тест 1.14; у топ-15 по обуч.: тест 2.22

=== средний цсигнал по выходу и задержке (все варианты) ===
L         200   300   450
выход_с                  
2.0      1.40  0.75  0.41
5.0      1.52  0.85  0.40
10.0     1.53  0.89  0.50
30.0     1.20  0.53  0.30
60.0     1.50  0.78  0.45
