/home/lab/data/2026-10-08: тиков 1149337, сигналов 16898
/home/lab/data/2026-10-09: тиков 227500, сигналов 9786
           вариант   L  сигн  окон  исполн  цшейр_расчёт  цшейр_маркаут  цсигнал  ИИ_низ  ИИ_верх       дни
thr0.02_s1.5_slip0 200  1936   210   0.126          2.44           4.03     0.30   -0.31     0.93 +0.3 +0.3
thr0.02_s1.5_slip0 300  1936   210   0.099          0.21           4.29     0.02   -0.54     0.59 +0.2 -0.3
thr0.02_s1.5_slip0 450  1936   210   0.091         -1.05           3.16    -0.09   -0.54     0.38 +0.2 -0.5
thr0.02_s1.5_slip2 200  1936   210   0.233          1.52           2.50     0.34   -0.52     1.22 +0.2 +0.5
thr0.02_s1.5_slip2 300  1936   210   0.186         -1.44           1.73    -0.26   -1.05     0.51 -0.4 -0.0
thr0.02_s1.5_slip2 450  1936   210   0.174         -1.42           0.87    -0.24   -0.96     0.53 -0.5 +0.2
  thr0.02_s1_slip0 200  3885   219   0.139          1.13           1.81     0.15   -0.50     0.84 +0.4 -0.3
  thr0.02_s1_slip0 300  3885   219   0.113         -0.63           1.49    -0.07   -0.70     0.56 +0.4 -0.9
  thr0.02_s1_slip0 450  3885   219   0.109         -1.04           0.89    -0.11   -0.71     0.54 +0.3 -0.9
  thr0.02_s1_slip2 200  3885   219   0.320         -0.09           0.46    -0.03   -1.12     1.08 +0.3 -0.6
  thr0.02_s1_slip2 300  3885   219   0.275         -1.26          -0.18    -0.34   -1.35     0.75 +0.1 -1.2
  thr0.02_s1_slip2 450  3885   219   0.261         -1.54          -0.55    -0.39   -1.44     0.64 -0.2 -0.8
  thr0.02_s2_slip0 200  1048   192   0.118          5.08           7.54     0.59   -0.16     1.38 +0.5 +0.8
  thr0.02_s2_slip0 300  1048   192   0.092          2.62           7.06     0.24   -0.39     0.89 +0.2 +0.2
  thr0.02_s2_slip0 450  1048   192   0.073          4.69           5.64     0.34   -0.28     0.96 +0.4 +0.3
  thr0.02_s2_slip2 200  1048   192   0.187          4.62           5.35     0.83   -0.11     1.87 +0.7 +1.1
  thr0.02_s2_slip2 300  1048   192   0.135          1.41           4.40     0.18   -0.58     1.06 -0.0 +0.5
  thr0.02_s2_slip2 450  1048   192   0.119          3.04           2.47     0.34   -0.38     1.03 +0.1 +0.7
thr0.03_s1.5_slip0 200  1167   195   0.117          4.41           7.05     0.51   -0.26     1.26 +0.5 +0.5
thr0.03_s1.5_slip0 300  1167   195   0.088          1.70           7.13     0.15   -0.50     0.81 +0.1 +0.2
thr0.03_s1.5_slip0 450  1167   195   0.075          1.38           5.51     0.10   -0.52     0.77 +0.3 -0.1
thr0.03_s1.5_slip2 200  1167   195   0.187          3.55           4.76     0.64   -0.31     1.63 +0.6 +0.7
thr0.03_s1.5_slip2 300  1167   195   0.132         -0.80           3.99    -0.10   -0.96     0.74 -0.2 +0.1
thr0.03_s1.5_slip2 450  1167   195   0.120          0.10           2.21     0.01   -0.74     0.84 -0.1 +0.1
  thr0.03_s1_slip0 200  2665   216   0.134         -0.55           2.54    -0.07   -0.90     0.69 +0.3 -0.7
  thr0.03_s1_slip0 300  2665   216   0.109         -2.25           2.47    -0.24   -1.08     0.54 +0.4 -1.4
  thr0.03_s1_slip0 450  2665   216   0.101         -3.23           1.70    -0.31   -1.06     0.38 +0.3 -1.4
  thr0.03_s1_slip2 200  2665   216   0.265          0.20           1.29     0.05   -1.00     1.17 +0.5 -0.7
  thr0.03_s1_slip2 300  2665   216   0.219         -2.37           0.49    -0.50   -1.49     0.57 +0.0 -1.4
  thr0.03_s1_slip2 450  2665   216   0.205         -2.91          -0.10    -0.57   -1.57     0.40 -0.3 -1.1
  thr0.03_s2_slip0 200   586   165   0.131          1.22           9.74     0.16   -0.95     1.33 +0.3 +0.0
  thr0.03_s2_slip0 300   586   165   0.089         -0.50           9.39    -0.04   -0.96     0.80 -0.0 -0.0
  thr0.03_s2_slip0 450   586   165   0.068          0.83           8.11     0.06   -0.73     0.84 +0.1 -0.0
  thr0.03_s2_slip2 200   586   165   0.176          1.04           8.52     0.18   -1.22     1.70 +0.4 -0.2
  thr0.03_s2_slip2 300   586   165   0.113         -2.64           7.21    -0.28   -1.35     0.69 -0.5 -0.0
  thr0.03_s2_slip2 450   586   165   0.094          1.06           5.29     0.09   -0.85     0.97 -0.4 +0.7
thr0.05_s1.5_slip0 200   512   157   0.137         -0.14           9.34    -0.02   -1.32     1.31 -0.1 +0.1
thr0.05_s1.5_slip0 300   512   157   0.092         -1.07           9.78    -0.10   -1.23     0.96 -0.1 -0.0
thr0.05_s1.5_slip0 450   512   157   0.068         -2.20           7.19    -0.15   -1.12     0.73 -0.2 -0.0
thr0.05_s1.5_slip2 200   512   157   0.180          0.82           8.31     0.14   -1.35     1.52 +0.3 -0.1
thr0.05_s1.5_slip2 300   512   157   0.119         -1.90           7.34    -0.22   -1.32     0.88 -0.4 -0.0
thr0.05_s1.5_slip2 450   512   157   0.092         -0.41           4.94    -0.04   -0.94     0.91 -0.7 +0.9
  thr0.05_s1_slip0 200  1305   200   0.121          4.42           5.94     0.53   -0.17     1.29 +0.5 +0.5
  thr0.05_s1_slip0 300  1305   200   0.087          2.31           7.16     0.20   -0.47     0.83 +0.3 -0.0
  thr0.05_s1_slip0 450  1305   200   0.074          2.12           5.25     0.15   -0.50     0.77 +0.3 -0.1
  thr0.05_s1_slip2 200  1305   200   0.192          2.68           4.26     0.50   -0.44     1.48 +0.5 +0.5
  thr0.05_s1_slip2 300  1305   200   0.136         -1.08           3.67    -0.14   -1.05     0.75 -0.2 -0.0
  thr0.05_s1_slip2 450  1305   200   0.125         -1.32           2.03    -0.16   -0.94     0.64 -0.3 -0.0
  thr0.05_s2_slip0 200   238   113   0.164          6.66          11.29     1.06   -1.03     3.14 +2.1 -0.3
  thr0.05_s2_slip0 300   238   113   0.092          0.55          10.38     0.05   -1.71     1.78 +0.4 -0.4
  thr0.05_s2_slip0 450   238   113   0.071         -0.74           8.98    -0.05   -1.80     1.51 +0.5 -0.7
  thr0.05_s2_slip2 200   238   113   0.223          4.97           9.51     1.07   -1.11     3.60 +2.5 -0.7
  thr0.05_s2_slip2 300   238   113   0.130          0.51           7.63     0.06   -1.58     1.75 +0.6 -0.5
  thr0.05_s2_slip2 450   238   113   0.097         -0.47           6.74    -0.04   -1.46     1.41 -0.0 -0.0

=== досрочный выход (продажа по bid с комиссией), топ-30 по нижней границе ИИ ===
           вариант   L  выход_с  сигн  окон  исполн  цшейр_исп  цсигнал  ИИ_низ  ИИ_верх
  thr0.05_s2_slip2 200      5.0   238   113   0.223       7.73     1.72    0.90     2.67
  thr0.05_s2_slip0 200      5.0   238   113   0.164       9.60     1.57    0.77     2.49
  thr0.05_s2_slip0 200      2.0   238   113   0.164       9.38     1.54    0.76     2.41
  thr0.03_s2_slip2 200      5.0   586   165   0.176       6.87     1.21    0.75     1.73
thr0.05_s1.5_slip2 200      5.0   512   157   0.180       6.61     1.19    0.72     1.67
thr0.05_s1.5_slip2 200      2.0   512   157   0.180       6.47     1.16    0.71     1.69
  thr0.03_s2_slip2 200      2.0   586   165   0.176       6.38     1.12    0.71     1.59
  thr0.03_s2_slip0 200      5.0   586   165   0.131       8.22     1.08    0.67     1.54
thr0.05_s1.5_slip0 200      5.0   512   157   0.137       7.72     1.06    0.63     1.47
  thr0.03_s2_slip0 200      2.0   586   165   0.131       6.91     0.91    0.52     1.30
thr0.05_s1.5_slip0 200      2.0   512   157   0.137       6.89     0.94    0.50     1.40
  thr0.02_s2_slip0 200      5.0  1048   192   0.118       6.03     0.71    0.43     1.00
  thr0.02_s2_slip2 200      5.0  1048   192   0.187       4.03     0.75    0.43     1.12
thr0.03_s1.5_slip0 200      5.0  1167   195   0.117       5.52     0.64    0.38     0.91
thr0.05_s1.5_slip2 200     10.0   512   157   0.180       5.33     0.96    0.37     1.58
thr0.05_s1.5_slip0 300      5.0   512   157   0.092       8.04     0.74    0.36     1.13
  thr0.03_s2_slip0 300      5.0   586   165   0.089       7.82     0.69    0.36     1.03
  thr0.05_s2_slip2 200      2.0   238   113   0.223       6.93     1.54    0.36     2.72
  thr0.02_s2_slip2 200      2.0  1048   192   0.187       3.50     0.65    0.35     0.96
  thr0.03_s2_slip2 200     10.0   586   165   0.176       5.20     0.91    0.34     1.54
  thr0.02_s2_slip0 200      2.0  1048   192   0.118       5.13     0.61    0.34     0.90
  thr0.05_s2_slip2 200     60.0   238   113   0.223       8.66     1.93    0.33     3.49
thr0.03_s1.5_slip2 200      5.0  1167   195   0.187       3.32     0.62    0.33     0.91
thr0.03_s1.5_slip0 200      2.0  1167   195   0.117       4.79     0.56    0.33     0.83
  thr0.03_s2_slip2 300      5.0   586   165   0.113       5.67     0.64    0.32     1.01
thr0.03_s1.5_slip2 200      2.0  1167   195   0.187       3.14     0.59    0.32     0.85
  thr0.05_s2_slip2 200     10.0   238   113   0.223       6.37     1.42    0.32     2.56
  thr0.05_s1_slip2 200      2.0  1305   200   0.192       2.81     0.54    0.30     0.80
  thr0.03_s2_slip0 200     10.0   586   165   0.131       6.15     0.81    0.29     1.39
thr0.05_s1.5_slip2 300      5.0   512   157   0.119       5.67     0.68    0.29     1.12

строк с ИИ_низ > 0: 86 из 270  (при 270 сравнениях часть таких строк случайна)

=== отложенная выборка: топ-15 по первой половине окон, результат на второй ===
                                окон_обуч  исполн_обуч  цсигнал_обуч  ИИ_низ_обуч  окон_тест  исполн_тест  цсигнал_тест  ИИ_низ_тест  ИИ_верх
вариант            L   выход_с                                                                                                               
thr0.05_s2_slip2   200 60.0            44         0.26          3.01         0.34         69         0.20          1.25        -0.22     3.14
thr0.05_s2_slip0   200 60.0            44         0.22          2.68        -0.98         69         0.13          0.67        -0.50     1.69
thr0.05_s2_slip2   200 30.0            44         0.26          2.03        -0.22         69         0.20          1.24        -0.19     2.62
                   300 60.0            44         0.17          1.85        -0.37         69         0.10          0.50        -0.63     1.62
                   200 5.0             44         0.26          1.72         0.21         69         0.20          1.72         0.81     2.80
thr0.05_s2_slip0   200 30.0            44         0.22          1.71        -1.42         69         0.13          0.81        -0.23     2.03
                       5.0             44         0.22          1.60         0.12         69         0.13          1.56         0.77     2.61
thr0.03_s2_slip2   200 5.0             75         0.20          1.16         0.44         90         0.16          1.24         0.69     1.84
thr0.05_s2_slip2   200 10.0            44         0.26          1.05        -1.30         69         0.20          1.65         0.67     2.70
thr0.03_s2_slip0   200 5.0             75         0.16          1.03         0.37         90         0.11          1.12         0.61     1.69
thr0.05_s2_slip0   200 2.0             44         0.22          0.98        -0.24         69         0.13          1.89         1.00     2.92
thr0.05_s1.5_slip2 200 5.0             67         0.20          0.97         0.37         90         0.16          1.35         0.81     2.03
thr0.05_s2_slip0   450 5.0             44         0.11          0.95         0.08         69         0.05          0.23        -0.19     0.66
                   200 10.0            44         0.22          0.91        -1.35         69         0.13          1.57         0.74     2.46
thr0.05_s1.5_slip0 200 5.0             67         0.17          0.89         0.25         90         0.11          1.18         0.67     1.78

все 270 вариантов: средний цсигнал обуч 0.14, тест 0.39; у топ-15 по обуч.: тест 1.20

=== средний цсигнал по выходу и задержке (все варианты) ===
L         200   300   450
выход_с                  
2.0      0.61  0.26  0.05
5.0      0.65  0.34  0.11
10.0     0.54  0.23  0.05
30.0     0.38  0.10 -0.04
60.0     0.54  0.20  0.05
