/home/lab/data/2026-10-09: тиков 894755, сигналов 83670
/home/lab/data/2026-10-10: тиков 17002, сигналов 1886
            вариант   L  сигн  окон  исполн  цшейр_расчёт  цшейр_маркаут  цсигнал  ИИ_низ  ИИ_верх       дни
thr0.01_s0.75_slip0 150  6960   300   0.255          0.62           1.30     0.16   -0.56     0.85 +0.2 -1.2
thr0.01_s0.75_slip0 300  6960   300   0.175          0.29           0.44     0.05   -0.56     0.64 +0.1 -0.9
thr0.01_s0.75_slip0 450  6960   300   0.163          0.16           0.11     0.03   -0.62     0.63 +0.1 -1.5
thr0.01_s0.75_slip0 600  6960   300   0.162         -1.05          -0.24    -0.17   -0.79     0.50 -0.1 -1.4
thr0.01_s0.75_slip3 150  6960   300   0.711          0.38           0.52     0.27   -0.62     1.22 +0.3 +0.5
thr0.01_s0.75_slip3 300  6960   300   0.536         -0.98          -0.73    -0.52   -1.39     0.36 -0.5 -2.2
thr0.01_s0.75_slip3 450  6960   300   0.512         -1.26          -1.09    -0.65   -1.47     0.23 -0.6 -2.4
thr0.01_s0.75_slip3 600  6960   300   0.504         -1.09          -1.17    -0.55   -1.41     0.26 -0.5 -2.0
 thr0.01_s1.5_slip0 150  3788   300   0.183          2.10           3.24     0.39   -0.28     1.02 +0.4 -0.2
 thr0.01_s1.5_slip0 300  3788   300   0.115         -0.64           2.34    -0.07   -0.66     0.43 -0.1 -0.5
 thr0.01_s1.5_slip0 450  3788   300   0.107         -0.08           1.68    -0.01   -0.55     0.51 +0.0 -0.7
 thr0.01_s1.5_slip0 600  3788   300   0.104         -1.56           1.10    -0.16   -0.70     0.37 -0.1 -0.7
 thr0.01_s1.5_slip3 150  3788   300   0.549          1.19           1.63     0.65   -0.40     1.68 +0.6 +1.0
 thr0.01_s1.5_slip3 300  3788   300   0.358         -1.75          -0.14    -0.63   -1.44     0.17 -0.6 -1.3
 thr0.01_s1.5_slip3 450  3788   300   0.339         -1.86          -0.52    -0.63   -1.48     0.12 -0.6 -2.0
 thr0.01_s1.5_slip3 600  3788   300   0.336         -1.97          -0.65    -0.66   -1.47     0.15 -0.6 -1.4
   thr0.01_s1_slip0 150  5720   300   0.220          0.58           1.81     0.13   -0.61     0.81 +0.1 +1.2
   thr0.01_s1_slip0 300  5720   300   0.146         -0.82           0.90    -0.12   -0.73     0.42 -0.1 +0.8
   thr0.01_s1_slip0 450  5720   300   0.136         -0.96           0.66    -0.13   -0.71     0.43 -0.1 +0.2
   thr0.01_s1_slip0 600  5720   300   0.135         -2.37           0.19    -0.32   -0.88     0.20 -0.3 +0.2
   thr0.01_s1_slip3 150  5720   300   0.656          0.38           0.85     0.25   -0.73     1.13 +0.2 +2.6
   thr0.01_s1_slip3 300  5720   300   0.471         -1.10          -0.52    -0.52   -1.38     0.25 -0.5 +0.6
   thr0.01_s1_slip3 450  5720   300   0.452         -1.31          -0.88    -0.59   -1.38     0.16 -0.6 -0.2
   thr0.01_s1_slip3 600  5720   300   0.444         -1.39          -1.02    -0.62   -1.43     0.17 -0.6 +0.3
thr0.02_s0.75_slip0 150  5517   300   0.206          0.57           2.06     0.12   -0.49     0.69 +0.1 +1.1
thr0.02_s0.75_slip0 300  5517   300   0.132         -0.86           1.13    -0.11   -0.61     0.36 -0.1 +0.6
thr0.02_s0.75_slip0 450  5517   300   0.123         -0.85           0.83    -0.11   -0.63     0.41 -0.1 +0.2
thr0.02_s0.75_slip0 600  5517   300   0.122         -2.60           0.29    -0.32   -0.83     0.17 -0.3 +0.2
thr0.02_s0.75_slip3 150  5517   300   0.644          0.31           0.93     0.20   -0.68     1.13 +0.2 +2.4
thr0.02_s0.75_slip3 300  5517   300   0.452         -1.25          -0.51    -0.56   -1.38     0.17 -0.6 +0.3
thr0.02_s0.75_slip3 450  5517   300   0.432         -1.45          -0.92    -0.63   -1.40     0.15 -0.6 -0.5
thr0.02_s0.75_slip3 600  5517   300   0.423         -1.56          -1.05    -0.66   -1.42     0.08 -0.7 -0.0
 thr0.02_s1.5_slip0 150  2376   296   0.165          5.84           5.52     0.96    0.20     1.71 +1.0 -0.1
 thr0.02_s1.5_slip0 300  2376   296   0.095          6.54           4.99     0.62    0.08     1.15 +0.7 -0.9
 thr0.02_s1.5_slip0 450  2376   296   0.084          5.48           3.97     0.46   -0.02     0.94 +0.5 -1.1
 thr0.02_s1.5_slip0 600  2376   296   0.074          4.50           3.39     0.33   -0.09     0.82 +0.4 -1.1
 thr0.02_s1.5_slip3 150  2376   296   0.441          4.02           3.34     1.76    0.68     2.85 +1.7 +2.7
 thr0.02_s1.5_slip3 300  2376   296   0.242          1.03           1.33     0.25   -0.60     1.07 +0.3 -0.7
 thr0.02_s1.5_slip3 450  2376   296   0.227          1.19           0.88     0.27   -0.54     1.15 +0.3 -1.9
 thr0.02_s1.5_slip3 600  2376   296   0.225          0.06           0.42     0.01   -0.76     0.88 +0.0 -0.9
   thr0.02_s1_slip0 150  4193   300   0.184          1.74           3.03     0.32   -0.32     0.89 +0.3 +0.8
   thr0.02_s1_slip0 300  4193   300   0.113         -0.87           2.06    -0.10   -0.62     0.38 -0.1 -0.2
   thr0.02_s1_slip0 450  4193   300   0.104         -0.61           1.50    -0.06   -0.60     0.40 -0.1 -0.4
   thr0.02_s1_slip0 600  4193   300   0.103         -2.36           0.89    -0.24   -0.73     0.22 -0.2 -0.4
   thr0.02_s1_slip3 150  4193   300   0.564          0.74           1.40     0.42   -0.58     1.36 +0.4 +1.6
   thr0.02_s1_slip3 300  4193   300   0.367         -2.06          -0.33    -0.76   -1.51     0.05 -0.7 -1.2
   thr0.02_s1_slip3 450  4193   300   0.348         -2.32          -0.74    -0.81   -1.58    -0.00 -0.8 -1.9
   thr0.02_s1_slip3 600  4193   300   0.345         -2.23          -0.90    -0.77   -1.57     0.03 -0.8 -1.3
thr0.03_s0.75_slip0 150  4400   300   0.185          1.43           3.01     0.26   -0.36     0.86 +0.3 +0.7
thr0.03_s0.75_slip0 300  4400   300   0.113         -0.45           2.07    -0.05   -0.58     0.42 -0.1 +0.1
thr0.03_s0.75_slip0 450  4400   300   0.104         -0.59           1.54    -0.06   -0.57     0.40 -0.1 -0.4
thr0.03_s0.75_slip0 600  4400   300   0.103         -2.23           0.84    -0.23   -0.72     0.23 -0.2 -0.3
thr0.03_s0.75_slip3 150  4400   300   0.573          0.81           1.37     0.47   -0.53     1.43 +0.4 +1.9
thr0.03_s0.75_slip3 300  4400   300   0.375         -1.50          -0.35    -0.56   -1.34     0.18 -0.6 -0.4
thr0.03_s0.75_slip3 450  4400   300   0.355         -1.86          -0.77    -0.66   -1.52     0.14 -0.6 -1.4
thr0.03_s0.75_slip3 600  4400   300   0.353         -1.62          -0.94    -0.57   -1.36     0.25 -0.6 -1.3
 thr0.03_s1.5_slip0 150  1517   286   0.165          6.88           6.70     1.13    0.14     2.12 +1.2 -0.8
 thr0.03_s1.5_slip0 300  1517   286   0.089          9.47           7.05     0.84    0.11     1.55 +0.9 -1.6
 thr0.03_s1.5_slip0 450  1517   286   0.075          7.67           5.33     0.57   -0.04     1.25 +0.6 -2.0
 thr0.03_s1.5_slip0 600  1517   286   0.065          6.60           4.49     0.42   -0.13     1.02 +0.5 -2.0
 thr0.03_s1.5_slip3 150  1517   286   0.374          6.11           4.59     2.27    1.10     3.54 +2.2 +4.8
 thr0.03_s1.5_slip3 300  1517   286   0.195          3.57           2.52     0.69   -0.19     1.64 +0.7 -0.1
 thr0.03_s1.5_slip3 450  1517   286   0.170          2.07           1.38     0.35   -0.51     1.30 +0.4 -1.9
 thr0.03_s1.5_slip3 600  1517   286   0.173          1.79           0.57     0.31   -0.58     1.18 +0.3 -0.4
   thr0.03_s1_slip0 150  3100   300   0.175          1.51           4.35     0.26   -0.50     1.01 +0.3 -0.6
   thr0.03_s1_slip0 300  3100   300   0.107         -0.28           3.54    -0.03   -0.72     0.55 -0.0 -1.0
   thr0.03_s1_slip0 450  3100   300   0.097         -2.08           2.76    -0.20   -0.82     0.36 -0.2 -1.2
   thr0.03_s1_slip0 600  3100   300   0.094         -3.39           2.06    -0.32   -0.91     0.23 -0.3 -1.2
   thr0.03_s1_slip3 150  3100   300   0.496          1.60           2.49     0.79   -0.36     1.91 +0.8 +2.5
   thr0.03_s1_slip3 300  3100   300   0.296         -2.04           0.58    -0.60   -1.59     0.32 -0.6 -0.2
   thr0.03_s1_slip3 450  3100   300   0.277         -2.30           0.13    -0.64   -1.56     0.34 -0.6 -2.0
   thr0.03_s1_slip3 600  3100   300   0.273         -2.96          -0.20    -0.81   -1.74     0.00 -0.8 -1.2
thr0.05_s0.75_slip0 150  2775   297   0.171          1.74           4.87     0.30   -0.56     1.13 +0.3 -0.4
thr0.05_s0.75_slip0 300  2775   297   0.105         -1.28           3.95    -0.13   -0.86     0.49 -0.1 -0.8
thr0.05_s0.75_slip0 450  2775   297   0.096         -2.32           2.96    -0.22   -0.99     0.41 -0.2 -1.0
thr0.05_s0.75_slip0 600  2775   297   0.091         -4.20           2.37    -0.38   -1.00     0.22 -0.4 -1.0
thr0.05_s0.75_slip3 150  2775   297   0.462          2.01           2.92     0.93   -0.37     2.12 +0.9 +2.7
thr0.05_s0.75_slip3 300  2775   297   0.263         -2.56           0.88    -0.67   -1.60     0.27 -0.7 -0.1
thr0.05_s0.75_slip3 450  2775   297   0.247         -2.30           0.47    -0.57   -1.52     0.40 -0.5 -2.1
thr0.05_s0.75_slip3 600  2775   297   0.246         -3.10           0.05    -0.76   -1.74     0.26 -0.8 -1.2
 thr0.05_s1.5_slip0 150   743   238   0.159          8.09          10.05     1.27   -0.04     2.77 +1.2 +1.9
 thr0.05_s1.5_slip0 300   743   238   0.081         16.52          11.77     1.31    0.35     2.28 +1.3 +1.0
 thr0.05_s1.5_slip0 450   743   238   0.062         13.99          10.58     0.85    0.03     1.69 +0.9 +0.5
 thr0.05_s1.5_slip0 600   743   238   0.047         13.26           8.37     0.61   -0.13     1.32 +0.6 +0.5
 thr0.05_s1.5_slip3 150   743   238   0.301          8.95           7.91     2.66    0.99     4.38 +2.6 +4.3
 thr0.05_s1.5_slip3 300   743   238   0.143         10.06           7.43     1.42    0.33     2.51 +1.4 +1.0
 thr0.05_s1.5_slip3 450   743   238   0.117         10.43           5.97     1.21    0.18     2.30 +1.2 +0.5
 thr0.05_s1.5_slip3 600   743   238   0.105          5.97           4.21     0.62   -0.33     1.61 +0.6 +0.5
   thr0.05_s1_slip0 150  1689   284   0.159          6.49           6.47     1.03    0.08     2.03 +1.1 -0.8
   thr0.05_s1_slip0 300  1689   284   0.085          7.36           6.58     0.62   -0.04     1.25 +0.7 -1.5
   thr0.05_s1_slip0 450  1689   284   0.072          7.24           5.37     0.51   -0.09     1.09 +0.6 -1.8
   thr0.05_s1_slip0 600  1689   284   0.062          6.31           4.79     0.39   -0.15     0.97 +0.4 -1.8
   thr0.05_s1_slip3 150  1689   284   0.363          5.55           4.75     2.01    0.81     3.19 +2.0 +3.1
   thr0.05_s1_slip3 300  1689   284   0.183          2.99           2.61     0.55   -0.22     1.35 +0.6 -1.4
   thr0.05_s1_slip3 450  1689   284   0.162          1.33           1.77     0.22   -0.52     0.97 +0.3 -3.0
   thr0.05_s1_slip3 600  1689   284   0.166          1.25           0.85     0.21   -0.57     0.98 +0.3 -1.7
