/home/lab/data/2026-10-09: тиков 396406, сигналов 99524
/home/lab/data/2026-10-10: тиков 10883, сигналов 2422
            вариант   L  сигн  окон  исполн  цшейр_расчёт  цшейр_маркаут  цсигнал  ИИ_низ  ИИ_верх       дни
thr0.01_s0.75_slip0 150  9564   301   0.545          0.11          -0.43     0.06   -0.87     1.04 +0.1 -2.8
thr0.01_s0.75_slip0 300  9564   301   0.456         -0.33          -1.03    -0.15   -1.08     0.71 -0.1 -3.3
thr0.01_s0.75_slip0 450  9564   301   0.425         -0.69          -1.17    -0.29   -1.20     0.58 -0.2 -2.7
thr0.01_s0.75_slip0 600  9564   301   0.408         -0.68          -1.37    -0.28   -1.07     0.55 -0.2 -2.8
thr0.01_s0.75_slip3 150  9564   301   0.834          0.73          -0.24     0.61   -0.33     1.68 +0.7 -3.2
thr0.01_s0.75_slip3 300  9564   301   0.729         -0.27          -1.10    -0.20   -1.17     0.77 -0.1 -4.5
thr0.01_s0.75_slip3 450  9564   301   0.706         -0.56          -1.32    -0.40   -1.40     0.57 -0.3 -4.7
thr0.01_s0.75_slip3 600  9564   301   0.690         -0.85          -1.47    -0.59   -1.56     0.37 -0.5 -4.5
 thr0.01_s1.5_slip0 150  4296   301   0.410          0.28           0.44     0.11   -0.75     1.03 +0.2 -5.3
 thr0.01_s1.5_slip0 300  4296   301   0.332         -0.36          -0.51    -0.12   -1.01     0.71 -0.0 -4.5
 thr0.01_s1.5_slip0 450  4296   301   0.308         -0.73          -0.71    -0.22   -1.05     0.62 -0.1 -3.7
 thr0.01_s1.5_slip0 600  4296   301   0.298         -0.69          -1.03    -0.21   -1.01     0.61 -0.1 -3.5
 thr0.01_s1.5_slip3 150  4296   301   0.704          0.91           0.57     0.64   -0.34     1.71 +0.8 -5.5
 thr0.01_s1.5_slip3 300  4296   301   0.571         -0.71          -0.81    -0.40   -1.40     0.68 -0.3 -6.3
 thr0.01_s1.5_slip3 450  4296   301   0.548         -1.27          -1.15    -0.69   -1.65     0.31 -0.6 -5.8
 thr0.01_s1.5_slip3 600  4296   301   0.536         -1.31          -1.35    -0.70   -1.78     0.38 -0.6 -5.9
   thr0.01_s1_slip0 150  7373   301   0.493         -0.21          -0.28    -0.10   -0.99     0.83 -0.1 -2.0
   thr0.01_s1_slip0 300  7373   301   0.410         -0.37          -0.95    -0.15   -1.06     0.74 -0.1 -2.5
   thr0.01_s1_slip0 450  7373   301   0.382         -0.83          -1.07    -0.32   -1.16     0.50 -0.3 -2.0
   thr0.01_s1_slip0 600  7373   301   0.367         -0.95          -1.25    -0.35   -1.13     0.46 -0.3 -2.1
   thr0.01_s1_slip3 150  7373   301   0.795          0.75          -0.03     0.59   -0.46     1.67 +0.6 -1.6
   thr0.01_s1_slip3 300  7373   301   0.684         -0.35          -1.02    -0.24   -1.28     0.73 -0.2 -2.8
   thr0.01_s1_slip3 450  7373   301   0.660         -0.76          -1.29    -0.50   -1.45     0.46 -0.4 -2.9
   thr0.01_s1_slip3 600  7373   301   0.643         -1.02          -1.43    -0.65   -1.62     0.33 -0.6 -3.0
thr0.02_s0.75_slip0 150  7121   301   0.485          0.00          -0.22     0.00   -0.86     0.91 +0.1 -2.1
thr0.02_s0.75_slip0 300  7121   301   0.403         -0.17          -0.92    -0.07   -0.94     0.79 -0.0 -2.6
thr0.02_s0.75_slip0 450  7121   301   0.376         -0.73          -1.05    -0.27   -1.13     0.60 -0.2 -2.2
thr0.02_s0.75_slip0 600  7121   301   0.362         -0.84          -1.24    -0.30   -1.08     0.42 -0.3 -2.1
thr0.02_s0.75_slip3 150  7121   301   0.787          0.81          -0.00     0.64   -0.32     1.66 +0.7 -1.6
thr0.02_s0.75_slip3 300  7121   301   0.673         -0.37          -1.04    -0.25   -1.19     0.74 -0.2 -2.8
thr0.02_s0.75_slip3 450  7121   301   0.648         -0.74          -1.31    -0.48   -1.44     0.55 -0.4 -2.9
thr0.02_s0.75_slip3 600  7121   301   0.630         -1.06          -1.47    -0.67   -1.64     0.37 -0.6 -3.0
 thr0.02_s1.5_slip0 150  2439   290   0.346         -0.89           1.90    -0.31   -1.56     0.91 -0.2 -4.6
 thr0.02_s1.5_slip0 300  2439   290   0.266         -3.08           0.47    -0.82   -2.05     0.35 -0.8 -2.2
 thr0.02_s1.5_slip0 450  2439   290   0.242         -3.45           0.20    -0.83   -1.91     0.17 -0.8 -2.4
 thr0.02_s1.5_slip0 600  2439   290   0.225         -3.20          -0.35    -0.71   -1.82     0.28 -0.7 -2.3
 thr0.02_s1.5_slip3 150  2439   290   0.592          0.99           1.90     0.59   -0.96     2.07 +0.8 -6.2
 thr0.02_s1.5_slip3 300  2439   290   0.453         -2.03          -0.05    -0.91   -2.17     0.46 -0.8 -6.3
 thr0.02_s1.5_slip3 450  2439   290   0.429         -2.30          -0.34    -0.98   -2.39     0.45 -0.9 -5.6
 thr0.02_s1.5_slip3 600  2439   290   0.413         -2.39          -0.83    -0.98   -2.18     0.29 -0.9 -5.1
   thr0.02_s1_slip0 150  4896   301   0.432          0.28           0.20     0.12   -0.80     1.03 +0.2 -3.3
   thr0.02_s1_slip0 300  4896   301   0.354         -0.57          -0.69    -0.20   -1.11     0.67 -0.1 -3.5
   thr0.02_s1_slip0 450  4896   301   0.327         -0.78          -0.87    -0.25   -1.10     0.55 -0.2 -2.7
   thr0.02_s1_slip0 600  4896   301   0.317         -0.82          -1.14    -0.26   -1.07     0.56 -0.2 -2.5
   thr0.02_s1_slip3 150  4896   301   0.723          0.59           0.39     0.43   -0.75     1.53 +0.5 -3.9
   thr0.02_s1_slip3 300  4896   301   0.594         -0.73          -0.91    -0.43   -1.59     0.60 -0.3 -5.1
   thr0.02_s1_slip3 450  4896   301   0.569         -1.01          -1.21    -0.57   -1.64     0.53 -0.5 -4.6
   thr0.02_s1_slip3 600  4896   301   0.553         -1.34          -1.41    -0.74   -1.80     0.27 -0.6 -4.6
thr0.03_s0.75_slip0 150  5210   301   0.442         -0.05           0.15    -0.02   -0.99     0.88 +0.1 -3.7
thr0.03_s0.75_slip0 300  5210   301   0.360         -0.84          -0.77    -0.30   -1.26     0.61 -0.2 -3.9
thr0.03_s0.75_slip0 450  5210   301   0.333         -1.18          -0.90    -0.39   -1.25     0.48 -0.3 -3.1
thr0.03_s0.75_slip0 600  5210   301   0.323         -1.04          -1.17    -0.33   -1.19     0.51 -0.3 -3.3
thr0.03_s0.75_slip3 150  5210   301   0.730          0.58           0.32     0.42   -0.74     1.59 +0.5 -3.9
thr0.03_s0.75_slip3 300  5210   301   0.603         -0.68          -0.94    -0.41   -1.52     0.74 -0.3 -5.1
thr0.03_s0.75_slip3 450  5210   301   0.578         -0.97          -1.25    -0.56   -1.67     0.51 -0.5 -4.7
thr0.03_s0.75_slip3 600  5210   301   0.562         -1.30          -1.43    -0.73   -1.81     0.25 -0.6 -4.7
 thr0.03_s1.5_slip0 150  1475   268   0.316          0.34           2.72     0.11   -1.34     1.47 +0.2 -4.1
 thr0.03_s1.5_slip0 300  1475   268   0.237         -2.37           1.05    -0.56   -1.76     0.67 -0.5 -3.4
 thr0.03_s1.5_slip0 450  1475   268   0.211         -2.53           0.69    -0.53   -1.73     0.65 -0.4 -3.6
 thr0.03_s1.5_slip0 600  1475   268   0.189         -2.43          -0.13    -0.46   -1.58     0.70 -0.4 -3.6
 thr0.03_s1.5_slip3 150  1475   268   0.513          2.45           3.12     1.25   -0.41     3.09 +1.4 -3.5
 thr0.03_s1.5_slip3 300  1475   268   0.376         -1.40           0.42    -0.52   -2.02     0.90 -0.4 -3.5
 thr0.03_s1.5_slip3 450  1475   268   0.351         -1.10           0.21    -0.38   -1.95     1.15 -0.3 -3.7
 thr0.03_s1.5_slip3 600  1475   268   0.332         -1.08          -0.38    -0.36   -1.87     1.14 -0.3 -3.1
   thr0.03_s1_slip0 150  3325   298   0.374         -0.47           0.99    -0.17   -1.24     0.89 -0.1 -4.4
   thr0.03_s1_slip0 300  3325   298   0.298         -1.64          -0.17    -0.49   -1.46     0.53 -0.4 -2.4
   thr0.03_s1_slip0 450  3325   298   0.273         -2.08          -0.45    -0.56   -1.49     0.31 -0.5 -2.5
   thr0.03_s1_slip0 600  3325   298   0.261         -1.82          -0.84    -0.47   -1.33     0.45 -0.4 -2.4
   thr0.03_s1_slip3 150  3325   298   0.649          1.05           1.08     0.68   -0.59     1.97 +0.8 -3.9
   thr0.03_s1_slip3 300  3325   298   0.512         -1.51          -0.58    -0.77   -1.83     0.39 -0.7 -4.8
   thr0.03_s1_slip3 450  3325   298   0.486         -1.97          -0.90    -0.95   -2.09     0.19 -0.9 -4.1
   thr0.03_s1_slip3 600  3325   298   0.472         -2.30          -1.27    -1.09   -2.19    -0.02 -1.0 -4.1
thr0.05_s0.75_slip0 150  2956   293   0.360         -0.44           1.39    -0.16   -1.34     1.07 -0.1 -4.1
thr0.05_s0.75_slip0 300  2956   293   0.283         -1.80           0.10    -0.51   -1.65     0.59 -0.5 -2.0
thr0.05_s0.75_slip0 450  2956   293   0.259         -2.34          -0.13    -0.61   -1.59     0.34 -0.6 -2.0
thr0.05_s0.75_slip0 600  2956   293   0.247         -2.13          -0.64    -0.52   -1.48     0.44 -0.5 -1.9
thr0.05_s0.75_slip3 150  2956   293   0.618          1.27           1.41     0.78   -0.64     2.28 +0.9 -4.5
thr0.05_s0.75_slip3 300  2956   293   0.480         -1.39          -0.35    -0.67   -1.89     0.65 -0.6 -4.7
thr0.05_s0.75_slip3 450  2956   293   0.456         -1.87          -0.66    -0.85   -2.16     0.40 -0.8 -3.8
thr0.05_s0.75_slip3 600  2956   293   0.444         -2.12          -1.06    -0.94   -2.13     0.42 -0.9 -3.4
 thr0.05_s1.5_slip0 150   652   214   0.247          8.04           6.45     1.96    0.00     3.92 +2.1 -1.0
 thr0.05_s1.5_slip0 300   652   214   0.186          5.86           3.36     1.07   -0.50     2.68 +1.1 -0.6
 thr0.05_s1.5_slip0 450   652   214   0.158          6.39           3.27     0.99   -0.46     2.57 +1.0 -0.4
 thr0.05_s1.5_slip0 600   652   214   0.141          7.85           2.11     1.08   -0.25     2.49 +1.1 -0.5
 thr0.05_s1.5_slip3 150   652   214   0.402          9.87           6.40     3.92    1.64     6.29 +4.0 -0.1
 thr0.05_s1.5_slip3 300   652   214   0.262          5.59           2.28     1.45   -0.41     3.18 +1.6 -3.0
 thr0.05_s1.5_slip3 450   652   214   0.244          6.61           2.10     1.59   -0.38     3.46 +1.7 -2.8
 thr0.05_s1.5_slip3 600   652   214   0.227          7.81           1.39     1.75    0.03     3.50 +1.9 -2.9
   thr0.05_s1_slip0 150  1666   272   0.322          0.86           2.43     0.28   -1.09     1.62 +0.4 -4.2
   thr0.05_s1_slip0 300  1666   272   0.244         -1.61           0.67    -0.39   -1.59     0.75 -0.3 -2.9
   thr0.05_s1_slip0 450  1666   272   0.221         -2.11           0.33    -0.46   -1.64     0.68 -0.4 -3.0
   thr0.05_s1_slip0 600  1666   272   0.199         -2.19          -0.36    -0.43   -1.53     0.73 -0.4 -3.0
   thr0.05_s1_slip3 150  1666   272   0.520          1.87           2.63     0.97   -0.78     2.71 +1.1 -3.6
   thr0.05_s1_slip3 300  1666   272   0.384         -1.35           0.29    -0.52   -2.06     1.08 -0.4 -3.0
   thr0.05_s1_slip3 450  1666   272   0.362         -1.63          -0.04    -0.59   -2.09     1.06 -0.5 -3.2
   thr0.05_s1_slip3 600  1666   272   0.343         -1.32          -0.57    -0.45   -2.01     1.02 -0.4 -2.6
