/home/lab/data/2026-10-08: тиков 93847, сигналов 8671
/home/lab/data/2026-10-09: тиков 78004, сигналов 12091
/home/lab/data/2026-10-10: тиков 6121, сигналов 1369
=== сравнение переплат: ц на сигнал (неисполненные = 0), держать до конца и выход через 5 с ===
  L  сигн  исполн  держать  д_ИИ-  д_ИИ+  исп_шт  выход5с  в_ИИ-  в_ИИ+         base        slip
200  3233    0.47     0.75  -0.10   1.70    1523    -0.21  -0.47   0.06   thr0.01_s1       slip3
200  3233    0.16     0.62  -0.04   1.24     529     0.25   0.06   0.44   thr0.01_s1   edge1m2c6
200  3233    0.17     0.59  -0.06   1.22     557     0.20   0.01   0.41   thr0.01_s1 edge0.5m0c6
200  3233    0.18     0.54  -0.16   1.16     569     0.17  -0.05   0.39   thr0.01_s1   edge1m1c8
200  3233    0.37     0.52  -0.19   1.33    1182    -0.06  -0.29   0.17   thr0.01_s1       slip2
200  3233    0.16     0.50  -0.10   1.13     503     0.21   0.05   0.39   thr0.01_s1       slip0
200  3233    0.70     0.47  -0.47   1.51    2255    -0.71  -1.00  -0.42   thr0.01_s1       slip5
200  3233    0.25     0.29  -0.40   0.98     807     0.14  -0.06   0.35   thr0.01_s1       slip1
200  3233    0.86     0.08  -0.89   1.10    2788    -1.01  -1.30  -0.68   thr0.01_s1       slip8
300  3233    0.13     0.38  -0.10   0.82     423     0.10  -0.06   0.28   thr0.01_s1   edge1m2c6
300  3233    0.14     0.35  -0.11   0.83     448     0.05  -0.11   0.21   thr0.01_s1 edge0.5m0c6
300  3233    0.13     0.35  -0.09   0.78     406     0.13  -0.01   0.28   thr0.01_s1       slip0
300  3233    0.40     0.35  -0.39   1.08    1276    -0.55  -0.78  -0.32   thr0.01_s1       slip3
300  3233    0.14     0.28  -0.20   0.76     457     0.03  -0.14   0.21   thr0.01_s1   edge1m1c8
300  3233    0.30     0.19  -0.51   0.88     982    -0.38  -0.60  -0.16   thr0.01_s1       slip2
300  3233    0.20     0.18  -0.45   0.85     649    -0.08  -0.25   0.10   thr0.01_s1       slip1
300  3233    0.62    -0.16  -1.08   0.76    2002    -1.22  -1.49  -0.94   thr0.01_s1       slip5
300  3233    0.80    -0.94  -1.94   0.05    2580    -1.79  -2.07  -1.49   thr0.01_s1       slip8
200  1496    0.30     1.92   0.89   3.09     445     0.59   0.18   1.03 thr0.01_s1.5       slip3
200  1496    0.51     1.76   0.39   2.96     764     0.35  -0.15   0.80 thr0.01_s1.5       slip5
200  1496    0.22     1.45   0.42   2.46     337     0.59   0.24   0.98 thr0.01_s1.5       slip2
200  1496    0.14     1.31   0.60   2.05     212     0.68   0.39   0.98 thr0.01_s1.5 edge0.5m0c6
200  1496    0.14     1.28   0.53   2.10     215     0.68   0.39   0.98 thr0.01_s1.5   edge1m1c8
200  1496    0.14     1.18   0.43   2.04     207     0.66   0.39   0.98 thr0.01_s1.5   edge1m2c6
200  1496    0.13     1.14   0.48   1.90     199     0.58   0.36   0.85 thr0.01_s1.5       slip0
200  1496    0.18     1.08   0.20   2.04     262     0.64   0.33   0.97 thr0.01_s1.5       slip1
200  1496    0.74     0.88  -0.81   2.69    1102     0.01  -0.52   0.59 thr0.01_s1.5       slip8
300  1496    0.22     1.40   0.59   2.19     337     0.31  -0.04   0.67 thr0.01_s1.5       slip3
300  1496    0.11     1.26   0.69   1.81     166     0.45   0.22   0.72 thr0.01_s1.5 edge0.5m0c6
300  1496    0.18     1.25   0.45   2.08     265     0.25  -0.07   0.58 thr0.01_s1.5       slip2
300  1496    0.11     1.20   0.67   1.83     168     0.44   0.21   0.69 thr0.01_s1.5   edge1m1c8
300  1496    0.11     1.15   0.57   1.72     163     0.42   0.21   0.67 thr0.01_s1.5   edge1m2c6
300  1496    0.41     1.12  -0.04   2.19     616    -0.14  -0.56   0.27 thr0.01_s1.5       slip5
300  1496    0.10     1.10   0.55   1.71     157     0.42   0.19   0.66 thr0.01_s1.5       slip0
300  1496    0.14     1.10   0.41   1.87     202     0.36   0.10   0.65 thr0.01_s1.5       slip1
300  1496    0.64    -0.06  -1.55   1.47     951    -0.89  -1.37  -0.42 thr0.01_s1.5       slip8
200   776    0.23     2.62   1.27   3.89     178     1.26   0.72   1.84   thr0.01_s2       slip3
200   776    0.38     2.30   0.44   4.16     299     1.15   0.48   1.85   thr0.01_s2       slip5
200   776    0.19     2.16   0.85   3.46     145     1.09   0.61   1.59   thr0.01_s2       slip2
200   776    0.15     1.97   0.95   2.98     114     1.06   0.54   1.56   thr0.01_s2   edge1m1c8
200   776    0.14     1.81   0.84   2.85     112     0.95   0.51   1.44   thr0.01_s2 edge0.5m0c6
200   776    0.16     1.78   0.57   2.99     125     1.03   0.52   1.51   thr0.01_s2       slip1
200   776    0.13     1.74   0.78   2.78     102     0.94   0.54   1.36   thr0.01_s2       slip0
200   776    0.13     1.65   0.70   2.71     104     0.88   0.50   1.34   thr0.01_s2   edge1m2c6
200   776    0.62     0.97  -1.89   3.64     478     0.87  -0.01   1.66   thr0.01_s2       slip8
300   776    0.13     1.72   0.78   2.68     102     0.59   0.17   1.04   thr0.01_s2       slip2
300   776    0.16     1.71   0.67   2.72     126     0.68   0.19   1.19   thr0.01_s2       slip3
300   776    0.10     1.56   0.83   2.36      80     0.59   0.19   1.00   thr0.01_s2   edge1m1c8
300   776    0.10     1.47   0.77   2.22      79     0.53   0.16   0.90   thr0.01_s2 edge0.5m0c6
300   776    0.09     1.46   0.72   2.22      73     0.62   0.31   0.95   thr0.01_s2       slip0
300   776    0.12     1.45   0.63   2.40      91     0.62   0.21   1.08   thr0.01_s2       slip1
300   776    0.10     1.36   0.61   2.16      74     0.56   0.20   0.93   thr0.01_s2   edge1m2c6
300   776    0.29     1.28  -0.27   2.77     225     0.45  -0.13   1.00   thr0.01_s2       slip5
300   776    0.48    -0.15  -2.42   1.97     374    -0.12  -0.76   0.53   thr0.01_s2       slip8
200  1835    0.33     1.75   0.92   2.78     605     0.34  -0.04   0.72   thr0.02_s1       slip3
200  1835    0.56     1.49   0.29   2.78    1034    -0.02  -0.45   0.41   thr0.02_s1       slip5
200  1835    0.24     1.24   0.27   2.22     448     0.43   0.10   0.76   thr0.02_s1       slip2
200  1835    0.16     1.21   0.48   1.94     289     0.61   0.36   0.92   thr0.02_s1   edge1m2c6
200  1835    0.20     1.05   0.12   2.00     376     0.51   0.16   0.89   thr0.02_s1   edge1m1c8
200  1835    0.19     0.99   0.09   1.83     349     0.52   0.19   0.87   thr0.02_s1 edge0.5m0c6
200  1835    0.14     0.99   0.33   1.65     252     0.52   0.29   0.76   thr0.02_s1       slip0
200  1835    0.78     0.87  -0.59   2.30    1429    -0.29  -0.77   0.19   thr0.02_s1       slip8
200  1835    0.18     0.84   0.00   1.67     338     0.50   0.20   0.81   thr0.02_s1       slip1
300  1835    0.25     1.14   0.34   1.87     460     0.06  -0.30   0.40   thr0.02_s1       slip3
300  1835    0.12     1.12   0.51   1.75     225     0.32   0.12   0.56   thr0.02_s1   edge1m2c6
300  1835    0.19     1.03   0.33   1.81     351     0.11  -0.21   0.40   thr0.02_s1       slip2
300  1835    0.15     1.00   0.31   1.69     270     0.19  -0.08   0.46   thr0.02_s1 edge0.5m0c6
300  1835    0.11     1.00   0.44   1.57     199     0.35   0.18   0.57   thr0.02_s1       slip0
300  1835    0.16     0.97   0.20   1.71     291     0.21  -0.09   0.52   thr0.02_s1   edge1m1c8
300  1835    0.14     0.95   0.30   1.65     263     0.23  -0.01   0.48   thr0.02_s1       slip1
300  1835    0.46     0.85  -0.17   1.95     846    -0.54  -0.93  -0.11   thr0.02_s1       slip5
300  1835    0.68    -0.02  -1.20   1.21    1251    -1.21  -1.67  -0.77   thr0.02_s1       slip8
200   727    0.22     2.95   1.50   4.36     159     1.20   0.60   1.82 thr0.02_s1.5       slip3
200   727    0.36     2.62   0.50   4.63     263     1.11   0.37   1.90 thr0.02_s1.5       slip5
200   727    0.18     2.45   1.17   3.70     129     1.00   0.46   1.58 thr0.02_s1.5       slip2
200   727    0.16     2.33   1.13   3.49     117     1.16   0.57   1.73 thr0.02_s1.5 edge0.5m0c6
200   727    0.17     2.19   1.01   3.40     122     1.13   0.58   1.68 thr0.02_s1.5   edge1m1c8
200   727    0.16     2.15   1.02   3.33     114     1.03   0.52   1.56 thr0.02_s1.5       slip1
200   727    0.14     1.98   0.88   3.21     105     1.01   0.46   1.54 thr0.02_s1.5   edge1m2c6
200   727    0.13     1.94   0.90   3.00      94     0.92   0.49   1.37 thr0.02_s1.5       slip0
200   727    0.60     1.23  -1.72   4.05     437     0.84  -0.12   1.79 thr0.02_s1.5       slip8
300   727    0.13     2.12   1.16   3.12      93     0.58   0.08   1.05 thr0.02_s1.5       slip2
300   727    0.16     2.11   1.11   3.23     114     0.68   0.19   1.24 thr0.02_s1.5       slip3
300   727    0.12     2.01   1.20   2.88      85     0.71   0.25   1.19 thr0.02_s1.5 edge0.5m0c6
300   727    0.12     1.95   1.03   2.88      88     0.70   0.24   1.19 thr0.02_s1.5   edge1m1c8
300   727    0.12     1.91   1.05   2.84      84     0.64   0.18   1.11 thr0.02_s1.5       slip1
300   727    0.09     1.74   0.90   2.59      68     0.68   0.31   1.09 thr0.02_s1.5       slip0
300   727    0.10     1.70   0.86   2.53      76     0.60   0.12   1.08 thr0.02_s1.5   edge1m2c6
300   727    0.26     1.63   0.04   3.07     189     0.44  -0.24   1.11 thr0.02_s1.5       slip5
300   727    0.46     0.28  -1.95   2.36     334    -0.14  -0.87   0.57 thr0.02_s1.5       slip8
200   324    0.31     3.81   1.27   6.65     100     2.12   0.77   3.53   thr0.02_s2       slip5
200   324    0.50     3.59   0.21   6.75     161     2.59   1.02   4.06   thr0.02_s2       slip8
200   324    0.22     3.54   1.68   5.43      72     2.15   0.97   3.45   thr0.02_s2       slip3
200   324    0.18     2.95   1.06   4.85      58     2.01   0.87   3.25   thr0.02_s2   edge1m1c8
200   324    0.18     2.79   1.00   4.77      60     1.79   0.78   3.00   thr0.02_s2       slip2
200   324    0.17     2.57   0.75   4.42      56     1.75   0.64   2.94   thr0.02_s2 edge0.5m0c6
200   324    0.17     2.42   0.69   4.46      54     1.80   0.83   2.96   thr0.02_s2       slip1
200   324    0.12     2.37   1.00   3.97      40     1.54   0.74   2.47   thr0.02_s2       slip0
200   324    0.14     2.12   0.37   3.92      45     1.40   0.46   2.39   thr0.02_s2   edge1m2c6
300   324    0.13     2.75   1.26   4.60      41     1.19   0.18   2.33   thr0.02_s2   edge1m1c8
300   324    0.15     2.57   0.98   4.30      48     1.25   0.28   2.33   thr0.02_s2       slip3
300   324    0.12     2.53   1.05   3.96      40     1.04   0.03   2.05   thr0.02_s2 edge0.5m0c6
300   324    0.13     2.50   1.15   3.92      41     1.03  -0.01   2.08   thr0.02_s2       slip2
300   324    0.09     2.44   1.24   3.98      30     1.20   0.57   1.99   thr0.02_s2       slip0
300   324    0.12     2.41   1.08   3.96      39     1.11   0.17   2.03   thr0.02_s2       slip1
300   324    0.10     2.33   0.95   3.86      32     0.97   0.21   1.83   thr0.02_s2   edge1m2c6
300   324    0.22     2.16   0.11   4.12      70     0.96  -0.34   2.19   thr0.02_s2       slip5
300   324    0.34     1.42  -1.01   3.93     110     0.80  -0.50   2.10   thr0.02_s2       slip8
200  1112    0.24     2.98   1.85   4.23     271     1.01   0.50   1.55   thr0.03_s1       slip3
200  1112    0.43     2.96   1.41   4.65     477     0.73   0.13   1.35   thr0.03_s1       slip5
200  1112    0.20     2.48   1.50   3.58     222     0.93   0.50   1.41   thr0.03_s1       slip2
200  1112    0.22     2.41   1.19   3.54     244     0.92   0.38   1.44   thr0.03_s1   edge1m1c8
200  1112    0.18     2.20   1.25   3.21     201     1.01   0.57   1.49   thr0.03_s1 edge0.5m0c6
200  1112    0.18     2.19   1.14   3.30     206     1.03   0.57   1.51   thr0.03_s1   edge1m2c6
200  1112    0.16     1.97   1.00   2.94     184     0.96   0.57   1.36   thr0.03_s1       slip1
200  1112    0.14     1.86   1.02   2.80     150     0.84   0.48   1.20   thr0.03_s1       slip0
200  1112    0.67     1.45  -0.75   3.78     744     0.39  -0.32   1.09   thr0.03_s1       slip8
300  1112    0.33     2.23   0.91   3.64     366     0.17  -0.36   0.69   thr0.03_s1       slip5
300  1112    0.18     2.17   1.26   3.08     200     0.54   0.15   0.97   thr0.03_s1       slip3
300  1112    0.15     2.12   1.34   2.99     165     0.49   0.12   0.88   thr0.03_s1       slip2
300  1112    0.16     1.95   1.07   2.89     181     0.50   0.02   0.96   thr0.03_s1   edge1m1c8
300  1112    0.12     1.77   1.00   2.53     134     0.57   0.24   0.95   thr0.03_s1       slip1
300  1112    0.13     1.76   0.98   2.62     143     0.50   0.12   0.89   thr0.03_s1 edge0.5m0c6
300  1112    0.13     1.76   0.86   2.70     147     0.54   0.18   0.94   thr0.03_s1   edge1m2c6
300  1112    0.10     1.73   1.05   2.46     111     0.62   0.33   0.93   thr0.03_s1       slip0
300  1112    0.55     0.76  -1.06   2.45     608    -0.56  -1.12   0.01   thr0.03_s1       slip8
200   370    0.23     3.72   1.76   5.67      84     1.93   0.85   2.94 thr0.03_s1.5       slip3
200   370    0.31     3.66   1.25   6.04     115     1.91   0.64   3.16 thr0.03_s1.5       slip5
200   370    0.50     3.24   0.39   6.13     186     2.33   0.92   3.80 thr0.03_s1.5       slip8
200   370    0.19     3.02   1.16   4.92      70     1.53   0.55   2.61 thr0.03_s1.5       slip2
200   370    0.20     3.00   1.12   4.92      75     1.75   0.68   2.74 thr0.03_s1.5   edge1m1c8
200   370    0.18     2.97   1.28   4.64      66     1.73   0.75   2.78 thr0.03_s1.5 edge0.5m0c6
200   370    0.18     2.74   0.97   4.63      68     1.73   0.70   2.78 thr0.03_s1.5   edge1m2c6
200   370    0.17     2.51   0.70   4.40      62     1.54   0.60   2.48 thr0.03_s1.5       slip1
200   370    0.13     2.47   0.99   4.01      48     1.32   0.57   2.15 thr0.03_s1.5       slip0
300   370    0.13     2.70   1.31   4.13      47     0.99   0.11   1.92 thr0.03_s1.5 edge0.5m0c6
300   370    0.15     2.65   1.23   4.23      56     1.08   0.14   2.07 thr0.03_s1.5       slip3
300   370    0.13     2.59   1.34   4.05      49     0.88   0.03   1.84 thr0.03_s1.5       slip2
300   370    0.14     2.56   1.29   4.07      52     0.96   0.07   1.91 thr0.03_s1.5   edge1m1c8
300   370    0.13     2.48   1.19   3.92      49     0.95   0.02   1.97 thr0.03_s1.5   edge1m2c6
300   370    0.10     2.45   1.23   3.73      37     1.00   0.45   1.65 thr0.03_s1.5       slip0
300   370    0.12     2.41   1.06   3.86      45     0.93   0.09   1.80 thr0.03_s1.5       slip1
300   370    0.22     2.16   0.16   4.23      82     0.82  -0.19   1.91 thr0.03_s1.5       slip5
300   370    0.35     1.49  -0.92   3.97     129     0.62  -0.55   1.87 thr0.03_s1.5       slip8
200   170    0.41     6.02   2.46   9.62      69     3.74   1.96   5.69   thr0.03_s2       slip8
200   170    0.27     5.68   2.24   8.96      46     3.31   1.50   5.29   thr0.03_s2       slip5
200   170    0.21     5.11   2.18   7.94      35     3.08   1.23   4.87   thr0.03_s2       slip3
200   170    0.17     4.45   1.64   7.40      29     2.96   1.32   4.75   thr0.03_s2   edge1m1c8
200   170    0.11     3.83   1.78   6.47      18     2.30   0.98   3.83   thr0.03_s2       slip0
200   170    0.15     3.52   0.78   6.44      26     2.31   0.79   4.07   thr0.03_s2 edge0.5m0c6
200   170    0.15     3.52   1.01   6.31      26     2.31   0.75   4.05   thr0.03_s2   edge1m2c6
200   170    0.15     3.52   0.84   6.26      26     2.31   0.74   3.99   thr0.03_s2       slip2
200   170    0.14     3.24   0.64   5.91      24     2.40   0.78   4.07   thr0.03_s2       slip1
300   170    0.28     4.92   2.12   7.95      48     2.04   0.21   3.87   thr0.03_s2       slip8
300   170    0.20     4.71   1.92   7.62      34     2.28   0.55   4.15   thr0.03_s2       slip5
300   170    0.16     4.40   1.71   7.34      27     2.29   0.59   4.06   thr0.03_s2       slip3
300   170    0.12     3.36   1.01   5.90      20     1.96   0.49   3.58   thr0.03_s2   edge1m1c8
300   170    0.08     3.05   1.36   5.13      14     1.76   0.79   2.88   thr0.03_s2       slip0
300   170    0.11     2.94   0.72   5.33      19     1.69   0.30   3.12   thr0.03_s2 edge0.5m0c6
300   170    0.11     2.94   0.68   5.30      19     1.69   0.29   3.22   thr0.03_s2   edge1m2c6
300   170    0.11     2.94   0.89   5.16      19     1.69   0.35   3.09   thr0.03_s2       slip2
300   170    0.11     2.71   0.50   5.15      18     1.82   0.52   3.24   thr0.03_s2       slip1
