/home/lab/data/2026-10-08: тиков 93847, сигналов 8671
/home/lab/data/2026-10-09: тиков 78004, сигналов 12091
/home/lab/data/2026-10-10: тиков 6118, сигналов 1369
=== сравнение переплат: ц на сигнал (неисполненные = 0), держать до конца и выход через 5 с ===
  L  сигн  исполн  держать  д_ИИ-  д_ИИ+  исп_шт  выход5с  в_ИИ-  в_ИИ+         base        slip
200  7477    0.37     0.30  -0.26   0.87    2772    -0.31  -0.46  -0.16   thr0.01_s1       slip2
200  7477    0.17     0.27  -0.14   0.66    1276     0.02  -0.12   0.14   thr0.01_s1   edge1m1c8
200  7477    0.16     0.27  -0.13   0.71    1182     0.06  -0.06   0.18   thr0.01_s1   edge1m2c6
200  7477    0.17     0.26  -0.12   0.68    1246     0.03  -0.09   0.16   thr0.01_s1 edge0.5m0c6
200  7477    0.49     0.25  -0.39   0.84    3645    -0.55  -0.71  -0.39   thr0.01_s1       slip3
200  7477    0.15     0.21  -0.18   0.58    1130     0.04  -0.07   0.15   thr0.01_s1       slip0
200  7477    0.25     0.10  -0.35   0.60    1889    -0.08  -0.20   0.06   thr0.01_s1       slip1
200  7477    0.72     0.04  -0.65   0.76    5374    -1.15  -1.35  -0.94   thr0.01_s1       slip5
200  7477    0.88    -0.29  -1.02   0.45    6573    -1.57  -1.78  -1.36   thr0.01_s1       slip8
300  7477    0.13     0.07  -0.27   0.39     946    -0.03  -0.12   0.06   thr0.01_s1   edge1m2c6
300  7477    0.13     0.05  -0.31   0.39     999    -0.06  -0.16   0.03   thr0.01_s1 edge0.5m0c6
300  7477    0.14     0.03  -0.33   0.38    1022    -0.07  -0.17   0.04   thr0.01_s1   edge1m1c8
300  7477    0.12     0.03  -0.32   0.34     913    -0.02  -0.10   0.07   thr0.01_s1       slip0
300  7477    0.21    -0.04  -0.50   0.45    1547    -0.24  -0.34  -0.14   thr0.01_s1       slip1
300  7477    0.31    -0.06  -0.62   0.51    2351    -0.52  -0.65  -0.40   thr0.01_s1       slip2
300  7477    0.42    -0.24  -0.77   0.37    3138    -0.75  -0.91  -0.61   thr0.01_s1       slip3
300  7477    0.65    -0.40  -1.09   0.26    4860    -1.47  -1.65  -1.29   thr0.01_s1       slip5
300  7477    0.83    -1.08  -1.78  -0.33    6222    -2.13  -2.32  -1.94   thr0.01_s1       slip8
200  3297    0.32     1.15   0.45   1.88    1047     0.35   0.11   0.59 thr0.01_s1.5       slip3
200  3297    0.24     1.08   0.35   1.80     794     0.40   0.19   0.62 thr0.01_s1.5       slip2
200  3297    0.54     0.85  -0.10   1.73    1785    -0.05  -0.34   0.26 thr0.01_s1.5       slip5
200  3297    0.18     0.83   0.26   1.40     601     0.48   0.28   0.66 thr0.01_s1.5       slip1
200  3297    0.14     0.82   0.30   1.41     460     0.52   0.36   0.69 thr0.01_s1.5 edge0.5m0c6
200  3297    0.14     0.81   0.28   1.33     464     0.52   0.35   0.70 thr0.01_s1.5   edge1m1c8
200  3297    0.14     0.72   0.22   1.17     446     0.50   0.32   0.67 thr0.01_s1.5   edge1m2c6
200  3297    0.13     0.72   0.26   1.22     431     0.46   0.30   0.62 thr0.01_s1.5       slip0
200  3297    0.76     0.09  -1.15   1.20    2519    -0.61  -0.96  -0.28 thr0.01_s1.5       slip8
300  3297    0.19     0.69   0.09   1.30     626     0.13  -0.06   0.31 thr0.01_s1.5       slip2
300  3297    0.14     0.68   0.21   1.16     458     0.25   0.09   0.40 thr0.01_s1.5       slip1
300  3297    0.11     0.58   0.17   1.01     361     0.30   0.17   0.45 thr0.01_s1.5 edge0.5m0c6
300  3297    0.11     0.57   0.13   1.02     364     0.29   0.15   0.44 thr0.01_s1.5   edge1m1c8
300  3297    0.26     0.55  -0.07   1.24     844     0.07  -0.14   0.28 thr0.01_s1.5       slip3
300  3297    0.11     0.50   0.10   0.91     351     0.30   0.16   0.45 thr0.01_s1.5   edge1m2c6
300  3297    0.10     0.48   0.07   0.86     344     0.29   0.16   0.43 thr0.01_s1.5       slip0
300  3297    0.45     0.44  -0.38   1.17    1493    -0.39  -0.67  -0.11 thr0.01_s1.5       slip5
300  3297    0.68    -0.59  -1.60   0.42    2253    -1.26  -1.59  -0.94 thr0.01_s1.5       slip8
200  1610    0.17     1.45   0.51   2.39     276     1.01   0.69   1.32   thr0.01_s2       slip1
200  1610    0.24     1.42   0.38   2.49     391     1.09   0.76   1.43   thr0.01_s2       slip3
200  1610    0.15     1.40   0.60   2.18     238     0.97   0.69   1.29   thr0.01_s2   edge1m1c8
200  1610    0.20     1.35   0.46   2.27     322     1.01   0.69   1.32   thr0.01_s2       slip2
200  1610    0.15     1.34   0.58   2.19     235     0.91   0.62   1.19   thr0.01_s2 edge0.5m0c6
200  1610    0.14     1.32   0.54   2.07     223     0.87   0.59   1.15   thr0.01_s2   edge1m2c6
200  1610    0.14     1.32   0.58   2.10     219     0.89   0.66   1.18   thr0.01_s2       slip0
200  1610    0.40     1.31   0.04   2.55     649     0.97   0.55   1.39   thr0.01_s2       slip5
200  1610    0.64    -0.28  -1.85   1.29    1022     0.42  -0.13   0.93   thr0.01_s2       slip8
300  1610    0.12     1.03   0.33   1.78     194     0.58   0.34   0.82   thr0.01_s2       slip1
300  1610    0.10     1.00   0.37   1.62     165     0.59   0.32   0.83   thr0.01_s2   edge1m1c8
300  1610    0.14     0.98   0.26   1.71     225     0.55   0.28   0.82   thr0.01_s2       slip2
300  1610    0.10     0.95   0.37   1.50     163     0.56   0.32   0.80   thr0.01_s2 edge0.5m0c6
300  1610    0.10     0.93   0.35   1.50     156     0.60   0.38   0.83   thr0.01_s2       slip0
300  1610    0.10     0.89   0.26   1.51     158     0.57   0.36   0.79   thr0.01_s2   edge1m2c6
300  1610    0.18     0.77  -0.00   1.55     283     0.53   0.24   0.81   thr0.01_s2       slip3
300  1610    0.32     0.50  -0.59   1.54     515     0.37   0.01   0.74   thr0.01_s2       slip5
300  1610    0.53    -1.12  -2.49   0.24     851    -0.36  -0.78   0.09   thr0.01_s2       slip8
200  4080    0.25     0.95   0.29   1.61    1027     0.24   0.04   0.42   thr0.02_s1       slip2
200  4080    0.34     0.94   0.26   1.64    1385     0.09  -0.13   0.29   thr0.02_s1       slip3
200  4080    0.20     0.87   0.30   1.45     832     0.33   0.12   0.51   thr0.02_s1   edge1m1c8
200  4080    0.15     0.83   0.31   1.31     615     0.40   0.24   0.56   thr0.02_s1   edge1m2c6
200  4080    0.19     0.80   0.28   1.36     777     0.34   0.17   0.53   thr0.02_s1 edge0.5m0c6
200  4080    0.19     0.73   0.20   1.29     760     0.33   0.16   0.51   thr0.02_s1       slip1
200  4080    0.13     0.69   0.27   1.16     542     0.35   0.21   0.50   thr0.02_s1       slip0
200  4080    0.58     0.68  -0.15   1.61    2380    -0.40  -0.64  -0.13   thr0.02_s1       slip5
200  4080    0.80     0.12  -0.90   1.18    3271    -0.90  -1.21  -0.59   thr0.02_s1       slip8
300  4080    0.20     0.54  -0.01   1.12     811    -0.02  -0.19   0.14   thr0.02_s1       slip2
300  4080    0.15     0.53   0.04   1.00     602     0.08  -0.06   0.23   thr0.02_s1 edge0.5m0c6
300  4080    0.14     0.50   0.00   0.99     590     0.10  -0.04   0.24   thr0.02_s1       slip1
300  4080    0.12     0.49   0.05   0.93     484     0.17   0.03   0.31   thr0.02_s1   edge1m2c6
300  4080    0.50     0.49  -0.22   1.22    2020    -0.76  -1.00  -0.51   thr0.02_s1       slip5
300  4080    0.16     0.47  -0.06   0.97     645     0.08  -0.10   0.24   thr0.02_s1   edge1m1c8
300  4080    0.27     0.41  -0.22   1.01    1109    -0.15  -0.33   0.05   thr0.02_s1       slip3
300  4080    0.11     0.39  -0.01   0.79     432     0.19   0.07   0.30   thr0.02_s1       slip0
300  4080    0.72    -0.60  -1.56   0.34    2957    -1.56  -1.83  -1.29   thr0.02_s1       slip8
200  1507    0.17     1.80   0.91   2.74     259     1.09   0.76   1.42 thr0.02_s1.5 edge0.5m0c6
200  1507    0.18     1.73   0.81   2.70     266     1.08   0.77   1.43 thr0.02_s1.5   edge1m1c8
200  1507    0.17     1.73   0.80   2.71     255     1.02   0.70   1.36 thr0.02_s1.5       slip1
200  1507    0.23     1.72   0.54   2.86     344     1.09   0.74   1.45 thr0.02_s1.5       slip3
200  1507    0.19     1.68   0.70   2.67     286     0.98   0.65   1.33 thr0.02_s1.5       slip2
200  1507    0.38     1.59   0.20   2.96     565     0.97   0.54   1.43 thr0.02_s1.5       slip5
200  1507    0.14     1.45   0.64   2.30     205     0.92   0.67   1.20 thr0.02_s1.5       slip0
200  1507    0.15     1.44   0.58   2.36     225     1.00   0.67   1.35 thr0.02_s1.5   edge1m2c6
200  1507    0.61    -0.19  -2.01   1.49     923     0.36  -0.16   0.93 thr0.02_s1.5       slip8
300  1507    0.12     1.34   0.58   2.16     188     0.65   0.39   0.94 thr0.02_s1.5   edge1m1c8
300  1507    0.12     1.31   0.58   2.14     183     0.64   0.38   0.92 thr0.02_s1.5 edge0.5m0c6
300  1507    0.14     1.26   0.49   2.13     205     0.56   0.29   0.85 thr0.02_s1.5       slip2
300  1507    0.12     1.25   0.50   1.98     181     0.61   0.32   0.90 thr0.02_s1.5       slip1
300  1507    0.11     1.12   0.44   1.82     160     0.62   0.36   0.90 thr0.02_s1.5   edge1m2c6
300  1507    0.10     1.08   0.36   1.67     149     0.64   0.40   0.88 thr0.02_s1.5       slip0
300  1507    0.16     1.02   0.23   1.90     249     0.57   0.28   0.88 thr0.02_s1.5       slip3
300  1507    0.28     0.76  -0.35   2.02     428     0.39  -0.01   0.77 thr0.02_s1.5       slip5
300  1507    0.50    -0.84  -2.49   0.52     755    -0.38  -0.88   0.10 thr0.02_s1.5       slip8
200   652    0.30     1.81   0.02   3.53     199     2.03   1.19   2.85   thr0.02_s2       slip5
200   652    0.14     1.77   0.48   3.15      94     1.64   1.09   2.23   thr0.02_s2       slip0
200   652    0.20     1.70   0.29   3.19     132     1.84   1.15   2.53   thr0.02_s2       slip2
200   652    0.16     1.63   0.37   2.96     102     1.58   0.98   2.22   thr0.02_s2   edge1m2c6
200   652    0.20     1.61   0.23   3.18     127     1.94   1.24   2.65   thr0.02_s2   edge1m1c8
200   652    0.23     1.61  -0.02   3.30     150     2.00   1.23   2.79   thr0.02_s2       slip3
200   652    0.19     1.50   0.12   3.11     121     1.82   1.18   2.51   thr0.02_s2       slip1
200   652    0.19     1.47   0.05   2.99     124     1.80   1.14   2.52   thr0.02_s2 edge0.5m0c6
200   652    0.48     1.20  -0.91   3.22     314     2.16   1.21   3.07   thr0.02_s2       slip8
300   652    0.10     1.56   0.59   2.62      66     1.14   0.72   1.58   thr0.02_s2       slip0
300   652    0.13     1.44   0.43   2.50      85     1.06   0.49   1.60   thr0.02_s2       slip2
300   652    0.11     1.42   0.33   2.56      70     1.02   0.56   1.56   thr0.02_s2   edge1m2c6
300   652    0.13     1.41   0.33   2.57      82     1.06   0.51   1.62   thr0.02_s2 edge0.5m0c6
300   652    0.13     1.38   0.28   2.51      86     1.10   0.49   1.70   thr0.02_s2   edge1m1c8
300   652    0.12     1.36   0.32   2.41      81     1.09   0.57   1.64   thr0.02_s2       slip1
300   652    0.15     1.26   0.14   2.43      95     1.13   0.54   1.75   thr0.02_s2       slip3
300   652    0.22     0.85  -0.73   2.34     143     0.99   0.22   1.67   thr0.02_s2       slip5
300   652    0.36    -0.01  -1.68   1.67     238     0.75  -0.04   1.58   thr0.02_s2       slip8
200  2393    0.45     1.78   0.71   2.94    1078     0.33  -0.02   0.71   thr0.03_s1       slip5
200  2393    0.25     1.74   0.91   2.51     607     0.72   0.42   1.05   thr0.03_s1       slip3
200  2393    0.20     1.47   0.68   2.21     487     0.71   0.43   1.00   thr0.03_s1       slip2
200  2393    0.22     1.42   0.61   2.18     526     0.72   0.37   1.02   thr0.03_s1   edge1m1c8
200  2393    0.18     1.30   0.56   2.03     429     0.77   0.50   1.04   thr0.03_s1 edge0.5m0c6
200  2393    0.18     1.29   0.59   2.02     439     0.78   0.51   1.06   thr0.03_s1   edge1m2c6
200  2393    0.17     1.22   0.52   1.90     402     0.75   0.52   0.99   thr0.03_s1       slip1
200  2393    0.13     1.08   0.49   1.67     309     0.67   0.46   0.90   thr0.03_s1       slip0
200  2393    0.70     0.41  -1.12   1.84    1670    -0.31  -0.75   0.17   thr0.03_s1       slip8
300  2393    0.36     1.16   0.11   2.18     870    -0.10  -0.44   0.25   thr0.03_s1       slip5
300  2393    0.20     1.12   0.30   1.81     468     0.34   0.06   0.61   thr0.03_s1       slip3
300  2393    0.16     1.07   0.40   1.69     373     0.36   0.13   0.60   thr0.03_s1       slip2
300  2393    0.12     1.03   0.47   1.60     300     0.43   0.25   0.64   thr0.03_s1       slip1
300  2393    0.13     1.02   0.41   1.62     317     0.39   0.18   0.62   thr0.03_s1 edge0.5m0c6
300  2393    0.14     1.00   0.38   1.59     326     0.40   0.18   0.63   thr0.03_s1   edge1m2c6
300  2393    0.17     0.92   0.22   1.57     409     0.37   0.11   0.60   thr0.03_s1   edge1m1c8
300  2393    0.10     0.84   0.34   1.36     243     0.46   0.28   0.65   thr0.03_s1       slip0
300  2393    0.60    -0.15  -1.41   1.10    1440    -0.99  -1.39  -0.57   thr0.03_s1       slip8
200   775    0.23     1.88   0.55   3.32     176     1.76   1.15   2.38 thr0.03_s1.5       slip3
200   775    0.31     1.84   0.15   3.43     240     1.73   1.00   2.40 thr0.03_s1.5       slip5
200   775    0.21     1.77   0.54   3.14     161     1.69   1.04   2.35 thr0.03_s1.5   edge1m1c8
200   775    0.20     1.76   0.51   3.02     155     1.59   1.01   2.14 thr0.03_s1.5       slip2
200   775    0.19     1.64   0.29   3.03     145     1.69   1.09   2.33 thr0.03_s1.5 edge0.5m0c6
200   775    0.14     1.56   0.35   2.74     109     1.39   0.89   1.89 thr0.03_s1.5       slip0
200   775    0.19     1.53   0.32   2.77     147     1.69   1.11   2.32 thr0.03_s1.5   edge1m2c6
200   775    0.18     1.46   0.16   2.74     140     1.59   1.04   2.17 thr0.03_s1.5       slip1
200   775    0.50     0.74  -1.22   2.86     389     1.73   1.00   2.57 thr0.03_s1.5       slip8
300   775    0.10     1.24   0.34   2.23      78     0.95   0.56   1.34 thr0.03_s1.5       slip0
300   775    0.14     1.20   0.26   2.17     107     0.93   0.41   1.45 thr0.03_s1.5   edge1m1c8
300   775    0.12     1.12   0.09   2.27      97     0.92   0.36   1.44 thr0.03_s1.5 edge0.5m0c6
300   775    0.13     1.12   0.16   2.07     100     0.89   0.42   1.37 thr0.03_s1.5       slip2
300   775    0.13     1.09   0.21   2.09     100     0.92   0.36   1.49 thr0.03_s1.5   edge1m2c6
300   775    0.14     1.07   0.13   2.22     112     0.96   0.46   1.49 thr0.03_s1.5       slip3
300   775    0.12     1.02   0.06   2.00      93     0.92   0.47   1.43 thr0.03_s1.5       slip1
300   775    0.21     0.71  -0.62   2.21     165     0.81   0.18   1.47 thr0.03_s1.5       slip5
300   775    0.37    -0.29  -1.91   1.52     287     0.44  -0.30   1.17 thr0.03_s1.5       slip8
200   340    0.28     3.68   1.39   6.09      97     2.86   1.74   3.97   thr0.03_s2       slip5
200   340    0.39     3.65   0.90   6.17     134     3.00   1.74   4.17   thr0.03_s2       slip8
200   340    0.22     3.40   1.36   5.49      76     2.66   1.55   3.85   thr0.03_s2       slip3
200   340    0.20     2.98   0.88   5.16      69     2.62   1.52   3.70   thr0.03_s2   edge1m1c8
200   340    0.15     2.93   1.27   4.75      51     2.30   1.32   3.26   thr0.03_s2       slip0
200   340    0.18     2.78   0.81   4.78      63     2.27   1.28   3.36   thr0.03_s2 edge0.5m0c6
200   340    0.19     2.67   0.63   4.57      64     2.31   1.25   3.40   thr0.03_s2       slip2
200   340    0.18     2.60   0.81   4.52      60     2.34   1.30   3.41   thr0.03_s2       slip1
200   340    0.19     2.58   0.70   4.75      64     2.27   1.31   3.31   thr0.03_s2   edge1m2c6
300   340    0.22     3.10   1.34   5.03      73     1.83   0.75   2.93   thr0.03_s2       slip5
300   340    0.16     2.92   1.16   4.67      55     1.98   1.03   2.96   thr0.03_s2       slip3
300   340    0.30     2.91   0.79   5.00     102     1.77   0.55   2.99   thr0.03_s2       slip8
300   340    0.15     2.35   0.76   4.12      51     1.73   0.85   2.77   thr0.03_s2   edge1m1c8
300   340    0.14     2.23   0.60   3.91      48     1.66   0.83   2.57   thr0.03_s2   edge1m2c6
300   340    0.11     2.23   0.74   3.95      38     1.63   1.02   2.35   thr0.03_s2       slip0
300   340    0.14     2.18   0.67   3.68      47     1.68   0.79   2.54   thr0.03_s2       slip2
300   340    0.14     2.16   0.49   3.79      46     1.68   0.85   2.59   thr0.03_s2 edge0.5m0c6
300   340    0.13     2.04   0.54   3.66      45     1.75   0.97   2.56   thr0.03_s2       slip1
