/home/lab/data/2026-10-08: тиков 286268, сигналов 55260
/home/lab/data/2026-10-09: тиков 199085, сигналов 55120
            вариант   L  сигн  окон  исполн  цшейр_расчёт  цшейр_маркаут  цсигнал  ИИ_низ  ИИ_верх       дни
thr0.01_s0.75_slip0 150 11304   295   0.480         -0.87          -0.47    -0.41   -1.22     0.38 -0.6 -0.1
thr0.01_s0.75_slip0 300 11304   295   0.400         -0.97          -0.96    -0.38   -1.08     0.33 -0.6 -0.2
thr0.01_s0.75_slip0 450 11304   295   0.377         -1.32          -1.18    -0.49   -1.19     0.20 -0.6 -0.3
thr0.01_s0.75_slip0 600 11304   295   0.363         -1.48          -1.38    -0.53   -1.15     0.10 -0.8 -0.3
thr0.01_s0.75_slip3 150 11304   295   0.822          0.23          -0.39     0.18   -0.69     1.02 -0.4 +0.9
thr0.01_s0.75_slip3 300 11304   295   0.720         -0.37          -1.07    -0.27   -1.14     0.60 -0.4 -0.1
thr0.01_s0.75_slip3 450 11304   295   0.696         -0.74          -1.29    -0.51   -1.37     0.30 -0.7 -0.3
thr0.01_s0.75_slip3 600 11304   295   0.683         -0.92          -1.42    -0.62   -1.49     0.20 -0.7 -0.5
 thr0.01_s1.5_slip0 150  4462   294   0.364         -0.06           0.68    -0.02   -0.91     0.87 -0.1 +0.1
 thr0.01_s1.5_slip0 300  4462   294   0.291         -0.40          -0.16    -0.11   -0.96     0.71 -0.2 -0.1
 thr0.01_s1.5_slip0 450  4462   294   0.270         -1.50          -0.55    -0.40   -1.17     0.36 -0.6 -0.2
 thr0.01_s1.5_slip0 600  4462   294   0.257         -1.55          -0.84    -0.40   -1.08     0.37 -0.6 -0.2
 thr0.01_s1.5_slip3 150  4462   294   0.664          0.62           0.47     0.41   -0.66     1.53 -0.2 +0.9
 thr0.01_s1.5_slip3 300  4462   294   0.539         -0.54          -0.68    -0.29   -1.30     0.73 -0.3 -0.3
 thr0.01_s1.5_slip3 450  4462   294   0.520         -1.30          -1.10    -0.67   -1.69     0.33 -0.7 -0.6
 thr0.01_s1.5_slip3 600  4462   294   0.511         -1.34          -1.23    -0.68   -1.56     0.23 -0.9 -0.5
   thr0.01_s1_slip0 150  8344   295   0.436         -0.62          -0.27    -0.27   -0.99     0.52 -0.3 -0.2
   thr0.01_s1_slip0 300  8344   295   0.361         -0.50          -0.88    -0.18   -0.90     0.56 -0.2 -0.2
   thr0.01_s1_slip0 450  8344   295   0.337         -0.90          -1.10    -0.30   -0.97     0.41 -0.3 -0.3
   thr0.01_s1_slip0 600  8344   295   0.326         -1.21          -1.29    -0.39   -1.06     0.33 -0.6 -0.2
   thr0.01_s1_slip3 150  8344   295   0.774          0.54          -0.22     0.42   -0.48     1.33 -0.1 +1.0
   thr0.01_s1_slip3 300  8344   295   0.664         -0.23          -1.02    -0.15   -1.02     0.76 -0.2 -0.0
   thr0.01_s1_slip3 450  8344   295   0.641         -0.67          -1.30    -0.42   -1.32     0.50 -0.5 -0.3
   thr0.01_s1_slip3 600  8344   295   0.627         -0.79          -1.43    -0.49   -1.37     0.41 -0.5 -0.4
thr0.02_s0.75_slip0 150  8024   295   0.426         -0.47          -0.21    -0.20   -0.97     0.58 -0.3 -0.1
thr0.02_s0.75_slip0 300  8024   295   0.353         -0.24          -0.82    -0.09   -0.83     0.66 -0.1 -0.1
thr0.02_s0.75_slip0 450  8024   295   0.331         -0.65          -1.05    -0.21   -0.86     0.51 -0.2 -0.3
thr0.02_s0.75_slip0 600  8024   295   0.320         -0.89          -1.26    -0.28   -0.96     0.43 -0.4 -0.2
thr0.02_s0.75_slip3 150  8024   295   0.766          0.71          -0.18     0.54   -0.37     1.50 +0.1 +1.0
thr0.02_s0.75_slip3 300  8024   295   0.651         -0.11          -1.03    -0.07   -1.00     0.83 -0.1 -0.1
thr0.02_s0.75_slip3 450  8024   295   0.628         -0.50          -1.30    -0.31   -1.17     0.58 -0.3 -0.3
thr0.02_s0.75_slip3 600  8024   295   0.613         -0.66          -1.44    -0.40   -1.24     0.48 -0.4 -0.4
 thr0.02_s1.5_slip0 150  2382   281   0.312         -2.05           2.06    -0.64   -1.87     0.59 -0.8 -0.5
 thr0.02_s1.5_slip0 300  2382   281   0.243         -3.42           0.74    -0.83   -2.00     0.25 -0.6 -1.0
 thr0.02_s1.5_slip0 450  2382   281   0.217         -4.61           0.35    -1.00   -1.95    -0.02 -0.9 -1.1
 thr0.02_s1.5_slip0 600  2382   281   0.204         -4.19          -0.19    -0.85   -1.80     0.10 -0.8 -0.9
 thr0.02_s1.5_slip3 150  2382   281   0.546          0.30           1.72     0.16   -1.25     1.56 -0.4 +0.6
 thr0.02_s1.5_slip3 300  2382   281   0.426         -1.86          -0.04    -0.79   -2.03     0.44 -0.6 -1.0
 thr0.02_s1.5_slip3 450  2382   281   0.406         -2.43          -0.43    -0.98   -2.20     0.26 -0.8 -1.1
 thr0.02_s1.5_slip3 600  2382   281   0.394         -2.53          -0.69    -0.99   -2.16     0.14 -1.2 -0.8
   thr0.02_s1_slip0 150  5178   294   0.380         -0.29           0.44    -0.11   -1.00     0.78 +0.0 -0.3
   thr0.02_s1_slip0 300  5178   294   0.306         -0.38          -0.24    -0.12   -0.92     0.70 +0.1 -0.3
   thr0.02_s1_slip0 450  5178   294   0.282         -1.41          -0.64    -0.39   -1.11     0.37 -0.3 -0.4
   thr0.02_s1_slip0 600  5178   294   0.271         -1.27          -0.90    -0.34   -1.07     0.34 -0.3 -0.4
   thr0.02_s1_slip3 150  5178   294   0.685          0.68           0.30     0.46   -0.61     1.54 +0.5 +0.4
   thr0.02_s1_slip3 300  5178   294   0.559         -0.33          -0.76    -0.19   -1.19     0.78 +0.2 -0.6
   thr0.02_s1_slip3 450  5178   294   0.533         -0.99          -1.14    -0.52   -1.47     0.41 -0.2 -0.8
   thr0.02_s1_slip3 600  5178   294   0.523         -0.93          -1.29    -0.48   -1.49     0.53 -0.2 -0.8
thr0.03_s0.75_slip0 150  5593   294   0.387         -0.41           0.44    -0.16   -0.93     0.64 +0.0 -0.3
thr0.03_s0.75_slip0 300  5593   294   0.314         -0.50          -0.36    -0.16   -0.95     0.66 +0.0 -0.3
thr0.03_s0.75_slip0 450  5593   294   0.291         -1.34          -0.68    -0.39   -1.14     0.39 -0.3 -0.5
thr0.03_s0.75_slip0 600  5593   294   0.281         -1.43          -0.99    -0.40   -1.09     0.29 -0.5 -0.4
thr0.03_s0.75_slip3 150  5593   294   0.697          0.44           0.25     0.31   -0.75     1.41 +0.2 +0.4
thr0.03_s0.75_slip3 300  5593   294   0.574         -0.35          -0.81    -0.20   -1.13     0.85 +0.2 -0.5
thr0.03_s0.75_slip3 450  5593   294   0.548         -0.94          -1.17    -0.51   -1.54     0.44 -0.3 -0.8
thr0.03_s0.75_slip3 600  5593   294   0.537         -1.04          -1.33    -0.55   -1.48     0.41 -0.4 -0.7
 thr0.03_s1.5_slip0 150  1398   253   0.283         -2.27           3.65    -0.64   -2.07     0.73 -0.9 -0.5
 thr0.03_s1.5_slip0 300  1398   253   0.217         -2.24           2.17    -0.49   -1.76     0.68 -0.2 -0.7
 thr0.03_s1.5_slip0 450  1398   253   0.188         -3.58           1.53    -0.67   -1.82     0.47 -0.8 -0.6
 thr0.03_s1.5_slip0 600  1398   253   0.171         -2.44           0.80    -0.42   -1.53     0.66 -0.7 -0.2
 thr0.03_s1.5_slip3 150  1398   253   0.464          0.20           3.24     0.09   -1.58     1.83 -0.8 +0.7
 thr0.03_s1.5_slip3 300  1398   253   0.344         -2.23           1.02    -0.76   -2.20     0.67 -0.6 -0.9
 thr0.03_s1.5_slip3 450  1398   253   0.323         -2.57           0.55    -0.82   -2.43     0.67 -1.1 -0.6
 thr0.03_s1.5_slip3 600  1398   253   0.310         -2.58           0.16    -0.80   -2.33     0.66 -1.8 -0.1
   thr0.03_s1_slip0 150  3371   289   0.338         -1.00           1.30    -0.34   -1.32     0.73 -0.5 -0.2
   thr0.03_s1_slip0 300  3371   289   0.268         -1.93           0.39    -0.51   -1.58     0.50 -0.6 -0.4
   thr0.03_s1_slip0 450  3371   289   0.246         -2.94          -0.10    -0.72   -1.60     0.20 -0.9 -0.5
   thr0.03_s1_slip0 600  3371   289   0.231         -2.59          -0.44    -0.60   -1.53     0.25 -0.8 -0.4
   thr0.03_s1_slip3 150  3371   289   0.606          0.30           1.03     0.18   -1.05     1.38 -0.8 +1.0
   thr0.03_s1_slip3 300  3371   289   0.480         -1.24          -0.34    -0.59   -1.72     0.58 -0.6 -0.6
   thr0.03_s1_slip3 450  3371   289   0.458         -2.06          -0.77    -0.93   -1.99     0.22 -1.1 -0.8
   thr0.03_s1_slip3 600  3371   289   0.446         -1.91          -1.01    -0.85   -1.87     0.19 -0.9 -0.8
thr0.05_s0.75_slip0 150  2941   282   0.321         -1.04           1.77    -0.33   -1.53     0.84 -0.4 -0.3
thr0.05_s0.75_slip0 300  2941   282   0.252         -2.19           0.69    -0.55   -1.70     0.55 -0.6 -0.5
thr0.05_s0.75_slip0 450  2941   282   0.230         -3.34           0.24    -0.77   -1.80     0.26 -0.9 -0.7
thr0.05_s0.75_slip0 600  2941   282   0.219         -3.22          -0.19    -0.70   -1.69     0.29 -0.9 -0.5
thr0.05_s0.75_slip3 150  2941   282   0.573          0.68           1.42     0.39   -1.00     1.85 -0.5 +1.1
thr0.05_s0.75_slip3 300  2941   282   0.446         -1.08          -0.07    -0.48   -1.84     0.84 -0.4 -0.6
thr0.05_s0.75_slip3 450  2941   282   0.426         -1.96          -0.48    -0.83   -2.06     0.52 -1.0 -0.7
thr0.05_s0.75_slip3 600  2941   282   0.417         -1.77          -0.76    -0.74   -2.00     0.60 -1.1 -0.5
 thr0.05_s1.5_slip0 150   591   194   0.244          6.83           9.12     1.66   -0.35     3.73 -0.0 +2.9
 thr0.05_s1.5_slip0 300   591   194   0.181          6.93           6.23     1.25   -0.53     3.05 -0.3 +2.3
 thr0.05_s1.5_slip0 450   591   194   0.146          5.88           4.97     0.86   -0.78     2.48 -1.5 +2.5
 thr0.05_s1.5_slip0 600   591   194   0.125         10.22           5.15     1.28   -0.29     2.84 -1.3 +3.1
 thr0.05_s1.5_slip3 150   591   194   0.362          8.04           7.62     2.91    0.69     5.24 +0.5 +4.6
 thr0.05_s1.5_slip3 300   591   194   0.250          7.49           4.74     1.88    0.01     3.83 +0.4 +2.9
 thr0.05_s1.5_slip3 450   591   194   0.225          6.46           3.59     1.45   -0.39     3.43 -0.6 +2.9
 thr0.05_s1.5_slip3 600   591   194   0.205          9.17           3.75     1.88    0.26     3.57 -1.2 +4.0
   thr0.05_s1_slip0 150  1602   258   0.290         -1.13           3.18    -0.33   -1.61     0.98 -0.4 -0.3
   thr0.05_s1_slip0 300  1602   258   0.223         -1.63           2.06    -0.36   -1.53     0.75 -0.0 -0.6
   thr0.05_s1_slip0 450  1602   258   0.199         -2.94           1.57    -0.59   -1.66     0.46 -0.5 -0.7
   thr0.05_s1_slip0 600  1602   258   0.180         -1.95           1.11    -0.35   -1.32     0.68 -0.4 -0.3
   thr0.05_s1_slip3 150  1602   258   0.479          0.48           2.97     0.23   -1.46     1.97 -0.2 +0.6
   thr0.05_s1_slip3 300  1602   258   0.358         -1.48           1.03    -0.53   -1.92     0.96 -0.0 -0.9
   thr0.05_s1_slip3 450  1602   258   0.340         -1.95           0.52    -0.66   -2.22     0.91 -0.4 -0.8
   thr0.05_s1_slip3 600  1602   258   0.324         -2.11           0.21    -0.68   -2.10     0.71 -1.1 -0.3
