/home/lab/data/2026-10-08: тиков 1149337, сигналов 55528
/home/lab/data/2026-10-09: тиков 483748, сигналов 47858
            вариант   L  сигн  окон  исполн  цшейр_расчёт  цшейр_маркаут  цсигнал  ИИ_низ  ИИ_верх       дни
thr0.01_s0.75_slip0 150  9583   295   0.253         -0.12           0.71    -0.03   -0.57     0.51 -0.2 +0.2
thr0.01_s0.75_slip0 300  9583   295   0.185         -0.48          -0.11    -0.09   -0.52     0.33 -0.1 -0.1
thr0.01_s0.75_slip0 450  9583   295   0.179         -1.26          -0.54    -0.22   -0.68     0.22 -0.3 -0.1
thr0.01_s0.75_slip0 600  9583   295   0.181         -2.09          -0.87    -0.37   -0.83     0.06 -0.4 -0.3
thr0.01_s0.75_slip3 150  9583   295   0.732         -0.53          -0.00    -0.38   -1.15     0.33 -0.6 +0.0
thr0.01_s0.75_slip3 300  9583   295   0.579         -1.68          -1.03    -0.96   -1.67    -0.31 -1.1 -0.7
thr0.01_s0.75_slip3 450  9583   295   0.557         -2.09          -1.34    -1.15   -1.83    -0.49 -1.3 -1.0
thr0.01_s0.75_slip3 600  9583   295   0.550         -1.96          -1.41    -1.07   -1.78    -0.37 -1.3 -0.8
 thr0.01_s1.5_slip0 150  4393   295   0.175          1.33           3.17     0.23   -0.42     0.92 +0.3 +0.1
 thr0.01_s1.5_slip0 300  4393   295   0.115          0.61           2.21     0.07   -0.54     0.72 +0.5 -0.3
 thr0.01_s1.5_slip0 450  4393   295   0.108          1.12           1.79     0.12   -0.45     0.71 +0.4 -0.2
 thr0.01_s1.5_slip0 600  4393   295   0.111         -0.77           1.08    -0.09   -0.65     0.54 +0.2 -0.4
 thr0.01_s1.5_slip3 150  4393   295   0.541         -0.38           1.32    -0.20   -1.35     0.90 -0.1 -0.3
 thr0.01_s1.5_slip3 300  4393   295   0.377         -1.50          -0.27    -0.56   -1.40     0.36 -0.1 -1.1
 thr0.01_s1.5_slip3 450  4393   295   0.359         -2.19          -0.79    -0.78   -1.71     0.11 -0.4 -1.1
 thr0.01_s1.5_slip3 600  4393   295   0.360         -2.34          -0.91    -0.83   -1.80     0.11 -0.6 -1.1
   thr0.01_s1_slip0 150  7254   295   0.212         -0.86           1.48    -0.18   -0.75     0.34 -0.5 +0.2
   thr0.01_s1_slip0 300  7254   295   0.148         -1.07           0.70    -0.16   -0.65     0.33 -0.2 -0.1
   thr0.01_s1_slip0 450  7254   295   0.145         -1.51           0.46    -0.22   -0.71     0.26 -0.3 -0.1
   thr0.01_s1_slip0 600  7254   295   0.148         -2.12          -0.00    -0.31   -0.78     0.16 -0.3 -0.3
   thr0.01_s1_slip3 150  7254   295   0.659         -1.13           0.35    -0.74   -1.60     0.14 -1.2 -0.2
   thr0.01_s1_slip3 300  7254   295   0.497         -2.21          -0.81    -1.08   -1.77    -0.40 -1.3 -0.7
   thr0.01_s1_slip3 450  7254   295   0.480         -2.60          -1.15    -1.23   -1.96    -0.53 -1.4 -1.0
   thr0.01_s1_slip3 600  7254   295   0.473         -2.38          -1.26    -1.11   -1.87    -0.39 -1.3 -0.9
thr0.02_s0.75_slip0 150  6996   295   0.200         -0.60           1.71    -0.12   -0.70     0.51 -0.3 +0.1
thr0.02_s0.75_slip0 300  6996   295   0.136         -0.45           0.91    -0.06   -0.61     0.50 +0.1 -0.2
thr0.02_s0.75_slip0 450  6996   295   0.132         -1.00           0.64    -0.13   -0.69     0.46 -0.1 -0.2
thr0.02_s0.75_slip0 600  6996   295   0.137         -1.58           0.18    -0.21   -0.78     0.37 -0.1 -0.4
thr0.02_s0.75_slip3 150  6996   295   0.646         -0.98           0.44    -0.63   -1.51     0.32 -0.9 -0.3
thr0.02_s0.75_slip3 300  6996   295   0.478         -2.13          -0.76    -1.00   -1.75    -0.27 -1.1 -0.9
thr0.02_s0.75_slip3 450  6996   295   0.461         -2.58          -1.14    -1.18   -1.99    -0.45 -1.2 -1.2
thr0.02_s0.75_slip3 600  6996   295   0.454         -2.34          -1.26    -1.05   -1.86    -0.19 -1.1 -1.0
 thr0.02_s1.5_slip0 150  2574   286   0.165          5.13           5.34     0.85    0.10     1.55 +0.3 +1.3
 thr0.02_s1.5_slip0 300  2574   286   0.103          5.43           4.88     0.56    0.03     1.10 +0.2 +0.9
 thr0.02_s1.5_slip0 450  2574   286   0.096          4.99           3.97     0.48    0.01     0.99 +0.2 +0.7
 thr0.02_s1.5_slip0 600  2574   286   0.090          3.97           2.78     0.36   -0.12     0.84 +0.1 +0.6
 thr0.02_s1.5_slip3 150  2574   286   0.431          1.43           2.90     0.61   -0.48     1.65 -0.6 +1.7
 thr0.02_s1.5_slip3 300  2574   286   0.264          0.29           1.11     0.07   -0.69     0.91 -0.3 +0.4
 thr0.02_s1.5_slip3 450  2574   286   0.251         -0.98           0.37    -0.24   -0.98     0.56 -0.8 +0.3
 thr0.02_s1.5_slip3 600  2574   286   0.252         -0.73          -0.16    -0.18   -0.92     0.60 -0.9 +0.4
   thr0.02_s1_slip0 150  4975   295   0.178          0.99           2.87     0.18   -0.46     0.79 +0.2 +0.1
   thr0.02_s1_slip0 300  4975   295   0.116          0.31           1.83     0.04   -0.55     0.62 +0.4 -0.3
   thr0.02_s1_slip0 450  4975   295   0.111          0.44           1.32     0.05   -0.47     0.60 +0.3 -0.2
   thr0.02_s1_slip0 600  4975   295   0.114         -1.35           0.70    -0.15   -0.70     0.47 +0.2 -0.5
   thr0.02_s1_slip3 150  4975   295   0.559         -0.70           0.99    -0.39   -1.42     0.63 -0.2 -0.6
   thr0.02_s1_slip3 300  4975   295   0.391         -2.04          -0.48    -0.79   -1.62     0.11 -0.3 -1.3
   thr0.02_s1_slip3 450  4975   295   0.373         -2.65          -0.95    -0.98   -1.81    -0.09 -0.6 -1.4
   thr0.02_s1_slip3 600  4975   295   0.372         -2.60          -1.05    -0.95   -1.81    -0.10 -0.7 -1.3
thr0.03_s0.75_slip0 150  5309   295   0.181          0.58           2.60     0.10   -0.54     0.78 +0.2 +0.0
thr0.03_s0.75_slip0 300  5309   295   0.119          0.84           1.56     0.10   -0.50     0.65 +0.4 -0.3
thr0.03_s0.75_slip0 450  5309   295   0.113         -0.11           1.08    -0.01   -0.58     0.55 +0.2 -0.3
thr0.03_s0.75_slip0 600  5309   295   0.116         -0.88           0.46    -0.10   -0.68     0.49 +0.3 -0.5
thr0.03_s0.75_slip3 150  5309   295   0.570         -0.59           0.87    -0.33   -1.36     0.73 -0.4 -0.3
thr0.03_s0.75_slip3 300  5309   295   0.398         -2.04          -0.59    -0.80   -1.67     0.07 -0.5 -1.1
thr0.03_s0.75_slip3 450  5309   295   0.380         -2.64          -1.06    -0.99   -1.91    -0.07 -0.7 -1.3
thr0.03_s0.75_slip3 600  5309   295   0.379         -2.25          -1.15    -0.84   -1.75     0.15 -0.6 -1.1
 thr0.03_s1.5_slip0 150  1577   268   0.158          8.32           7.91     1.31    0.45     2.22 +0.7 +1.8
 thr0.03_s1.5_slip0 300  1577   268   0.096          6.52           7.63     0.62   -0.14     1.35 +0.1 +1.0
 thr0.03_s1.5_slip0 450  1577   268   0.084          6.83           6.50     0.57   -0.08     1.21 +0.3 +0.8
 thr0.03_s1.5_slip0 600  1577   268   0.071          5.21           4.85     0.37   -0.28     1.04 -0.1 +0.7
 thr0.03_s1.5_slip3 150  1577   268   0.351          3.45           4.74     1.20    0.05     2.33 -0.3 +2.4
 thr0.03_s1.5_slip3 300  1577   268   0.198          1.04           2.84     0.21   -0.70     1.14 -0.6 +0.9
 thr0.03_s1.5_slip3 450  1577   268   0.184         -0.68           1.61    -0.12   -1.01     0.79 -0.9 +0.5
 thr0.03_s1.5_slip3 600  1577   268   0.185          0.30           0.39     0.06   -0.72     0.89 -0.8 +0.8
   thr0.03_s1_slip0 150  3473   292   0.173          1.16           4.00     0.20   -0.57     0.95 +0.3 +0.1
   thr0.03_s1_slip0 300  3473   292   0.111          0.47           3.06     0.05   -0.66     0.72 +0.4 -0.3
   thr0.03_s1_slip0 450  3473   292   0.104          0.10           2.47     0.01   -0.63     0.59 +0.3 -0.3
   thr0.03_s1_slip0 600  3473   292   0.103         -1.47           1.51    -0.15   -0.75     0.45 +0.2 -0.5
   thr0.03_s1_slip3 150  3473   292   0.482         -0.40           2.00    -0.19   -1.44     0.95 -0.4 -0.0
   thr0.03_s1_slip3 300  3473   292   0.312         -1.72           0.17    -0.53   -1.41     0.40 +0.0 -1.1
   thr0.03_s1_slip3 450  3473   292   0.298         -2.92          -0.41    -0.86   -1.80     0.08 -0.5 -1.2
   thr0.03_s1_slip3 600  3473   292   0.298         -2.55          -0.74    -0.75   -1.61     0.19 -0.4 -1.1
thr0.05_s0.75_slip0 150  3066   290   0.170          1.62           4.60     0.27   -0.56     1.08 +0.2 +0.4
thr0.05_s0.75_slip0 300  3066   290   0.109          0.29           3.69     0.03   -0.66     0.69 +0.3 -0.2
thr0.05_s0.75_slip0 450  3066   290   0.101          0.18           3.05     0.02   -0.66     0.70 +0.2 -0.1
thr0.05_s0.75_slip0 600  3066   290   0.099         -1.12           2.17    -0.11   -0.79     0.47 +0.2 -0.4
thr0.05_s0.75_slip3 150  3066   290   0.449         -0.20           2.45    -0.09   -1.29     1.16 -0.5 +0.3
thr0.05_s0.75_slip3 300  3066   290   0.279         -1.96           0.61    -0.54   -1.53     0.40 -0.2 -0.8
thr0.05_s0.75_slip3 450  3066   290   0.265         -3.20           0.01    -0.84   -1.85     0.16 -0.8 -0.8
thr0.05_s0.75_slip3 600  3066   290   0.269         -2.65          -0.36    -0.70   -1.69     0.25 -0.6 -0.8
 thr0.05_s1.5_slip0 150   725   219   0.178          6.92          10.90     1.23   -0.14     2.52 +0.7 +1.6
 thr0.05_s1.5_slip0 300   725   219   0.094          7.06          11.77     0.66   -0.40     1.79 -0.1 +1.2
 thr0.05_s1.5_slip0 450   725   219   0.076          5.91          10.46     0.45   -0.48     1.37 -0.2 +0.9
 thr0.05_s1.5_slip0 600   725   219   0.054          8.85           9.32     0.48   -0.27     1.30 +0.2 +0.7
 thr0.05_s1.5_slip3 150   725   219   0.309          4.34           8.44     1.34   -0.35     2.98 -0.7 +2.8
 thr0.05_s1.5_slip3 300   725   219   0.150          3.49           7.63     0.53   -0.58     1.68 -1.0 +1.6
 thr0.05_s1.5_slip3 450   725   219   0.123          0.58           5.91     0.07   -1.01     1.15 -1.5 +1.1
 thr0.05_s1.5_slip3 600   725   219   0.113          1.50           3.53     0.17   -0.81     1.21 -0.8 +0.9
   thr0.05_s1_slip0 150  1768   274   0.159          7.26           7.26     1.15    0.30     2.06 +0.6 +1.6
   thr0.05_s1_slip0 300  1768   274   0.093          6.36           7.59     0.59   -0.07     1.28 +0.3 +0.8
   thr0.05_s1_slip0 450  1768   274   0.080          7.39           6.40     0.59   -0.02     1.22 +0.3 +0.8
   thr0.05_s1_slip0 600  1768   274   0.070          6.71           4.92     0.47   -0.16     1.07 +0.2 +0.7
   thr0.05_s1_slip3 150  1768   274   0.359          2.19           4.59     0.78   -0.47     1.96 -1.0 +2.2
   thr0.05_s1_slip3 300  1768   274   0.197          0.42           2.56     0.08   -0.75     0.89 -0.6 +0.6
   thr0.05_s1_slip3 450  1768   274   0.180         -2.44           1.51    -0.43   -1.22     0.35 -1.2 +0.2
   thr0.05_s1_slip3 600  1768   274   0.184         -0.99           0.44    -0.18   -0.93     0.58 -1.2 +0.7
