/home/lab/data/2026-10-08: тиков 93847, сигналов 37104
/home/lab/data/2026-10-09: тиков 39290, сигналов 27152
            вариант   L  сигн  окон  исполн  цшейр_расчёт  цшейр_маркаут  цсигнал  ИИ_низ  ИИ_верх       дни
thr0.01_s0.75_slip0 150  7923   295   0.238          1.23           1.06     0.29   -0.14     0.75 +0.1 +0.6
thr0.01_s0.75_slip0 300  7923   295   0.155         -0.24           0.32    -0.04   -0.39     0.31 -0.1 +0.1
thr0.01_s0.75_slip0 450  7923   295   0.144          0.06          -0.15     0.01   -0.32     0.35 -0.0 +0.0
thr0.01_s0.75_slip0 600  7923   295   0.147         -0.10          -0.60    -0.01   -0.36     0.34 -0.0 +0.0
thr0.01_s0.75_slip3 150  7923   295   0.680          0.79           0.34     0.54   -0.08     1.20 +0.1 +1.3
thr0.01_s0.75_slip3 300  7923   295   0.540         -0.23          -0.67    -0.12   -0.72     0.45 -0.4 +0.3
thr0.01_s0.75_slip3 450  7923   295   0.512         -0.66          -1.03    -0.34   -0.92     0.32 -0.4 -0.2
thr0.01_s0.75_slip3 600  7923   295   0.501         -0.59          -1.18    -0.29   -0.89     0.33 -0.3 -0.3
 thr0.01_s1.5_slip0 150  2302   279   0.169          6.68           4.86     1.12    0.49     1.79 +0.7 +1.7
 thr0.01_s1.5_slip0 300  2302   279   0.105          3.18           4.21     0.33   -0.18     0.87 -0.1 +0.9
 thr0.01_s1.5_slip0 450  2302   279   0.091          3.02           3.83     0.27   -0.20     0.77 -0.3 +1.0
 thr0.01_s1.5_slip0 600  2302   279   0.085          1.90           2.73     0.16   -0.29     0.62 -0.5 +1.0
 thr0.01_s1.5_slip3 150  2302   279   0.410          2.33           3.25     0.95    0.03     1.96 +0.1 +2.1
 thr0.01_s1.5_slip3 300  2302   279   0.277          1.08           1.70     0.30   -0.44     1.16 -0.3 +1.1
 thr0.01_s1.5_slip3 450  2302   279   0.246          0.22           0.92     0.05   -0.72     0.83 -0.7 +1.1
 thr0.01_s1.5_slip3 600  2302   279   0.247         -0.44           0.43    -0.11   -0.84     0.60 -0.7 +0.7
   thr0.01_s1_slip0 150  5278   295   0.194          1.29           1.99     0.25   -0.26     0.78 +0.1 +0.4
   thr0.01_s1_slip0 300  5278   295   0.122         -1.21           1.22    -0.15   -0.54     0.26 -0.3 +0.0
   thr0.01_s1_slip0 450  5278   295   0.113         -1.20           0.46    -0.13   -0.53     0.27 -0.2 +0.0
   thr0.01_s1_slip0 600  5278   295   0.116         -2.54          -0.18    -0.29   -0.65     0.07 -0.3 -0.2
   thr0.01_s1_slip3 150  5278   295   0.581          0.44           0.97     0.25   -0.50     1.02 -0.2 +0.8
   thr0.01_s1_slip3 300  5278   295   0.434         -0.99          -0.25    -0.43   -1.11     0.30 -0.7 -0.1
   thr0.01_s1_slip3 450  5278   295   0.406         -1.58          -0.63    -0.64   -1.36     0.11 -0.8 -0.3
   thr0.01_s1_slip3 600  5278   295   0.401         -1.76          -0.80    -0.70   -1.40     0.08 -0.8 -0.5
thr0.02_s0.75_slip0 150  5075   294   0.190          1.31           2.09     0.25   -0.24     0.75 +0.2 +0.3
thr0.02_s0.75_slip0 300  5075   294   0.118         -0.95           1.46    -0.11   -0.54     0.33 -0.2 -0.0
thr0.02_s0.75_slip0 450  5075   294   0.110         -0.60           0.62    -0.07   -0.45     0.33 -0.2 +0.1
thr0.02_s0.75_slip0 600  5075   294   0.113         -2.01          -0.08    -0.23   -0.62     0.18 -0.3 -0.2
thr0.02_s0.75_slip3 150  5075   294   0.566          0.16           1.02     0.09   -0.69     0.93 -0.4 +0.8
thr0.02_s0.75_slip3 300  5075   294   0.415         -1.09          -0.21    -0.45   -1.14     0.25 -0.8 +0.0
thr0.02_s0.75_slip3 450  5075   294   0.387         -1.78          -0.63    -0.68   -1.46     0.06 -1.0 -0.2
thr0.02_s0.75_slip3 600  5075   294   0.384         -2.03          -0.79    -0.77   -1.52    -0.05 -1.1 -0.4
 thr0.02_s1.5_slip0 150  1024   241   0.169         10.50           8.86     1.76    0.67     2.95 +0.9 +2.9
 thr0.02_s1.5_slip0 300  1024   241   0.102          9.56           8.43     0.97    0.15     1.84 +0.1 +2.0
 thr0.02_s1.5_slip0 450  1024   241   0.086          7.03           7.45     0.60   -0.20     1.37 -0.4 +1.8
 thr0.02_s1.5_slip0 600  1024   241   0.072          7.01           6.36     0.51   -0.24     1.22 -0.4 +1.7
 thr0.02_s1.5_slip3 150  1024   241   0.291          5.62           7.02     1.63    0.11     3.13 -0.1 +3.7
 thr0.02_s1.5_slip3 300  1024   241   0.174          5.23           5.73     0.91   -0.16     1.97 -0.4 +2.5
 thr0.02_s1.5_slip3 450  1024   241   0.146          3.05           4.11     0.45   -0.53     1.43 -0.9 +2.1
 thr0.02_s1.5_slip3 600  1024   241   0.148          3.67           3.45     0.55   -0.38     1.47 -0.6 +1.9
   thr0.02_s1_slip0 150  2858   286   0.170          5.16           4.09     0.87    0.25     1.50 +0.5 +1.3
   thr0.02_s1_slip0 300  2858   286   0.104          2.05           3.19     0.21   -0.27     0.67 -0.2 +0.7
   thr0.02_s1_slip0 450  2858   286   0.094          2.21           2.48     0.21   -0.27     0.66 -0.2 +0.7
   thr0.02_s1_slip0 600  2858   286   0.090          0.62           1.56     0.06   -0.41     0.52 -0.3 +0.4
   thr0.02_s1_slip3 150  2858   286   0.437          1.43           2.62     0.62   -0.30     1.60 -0.4 +1.9
   thr0.02_s1_slip3 300  2858   286   0.287          0.75           1.12     0.21   -0.59     1.00 -0.4 +0.9
   thr0.02_s1_slip3 450  2858   286   0.262         -0.23           0.41    -0.06   -0.83     0.67 -0.7 +0.8
   thr0.02_s1_slip3 600  2858   286   0.264         -0.72           0.03    -0.19   -0.86     0.49 -0.7 +0.5
thr0.03_s0.75_slip0 150  3230   289   0.168          4.00           3.63     0.67    0.10     1.25 +0.5 +0.9
thr0.03_s0.75_slip0 300  3230   289   0.102          2.10           2.81     0.21   -0.27     0.69 -0.1 +0.6
thr0.03_s0.75_slip0 450  3230   289   0.093          2.49           1.90     0.23   -0.23     0.69 -0.1 +0.6
thr0.03_s0.75_slip0 600  3230   289   0.090          0.58           0.87     0.05   -0.41     0.52 -0.1 +0.3
thr0.03_s0.75_slip3 150  3230   289   0.456          0.98           2.20     0.44   -0.51     1.46 -0.3 +1.4
thr0.03_s0.75_slip3 300  3230   289   0.300         -0.23           0.85    -0.07   -0.87     0.72 -0.4 +0.4
thr0.03_s0.75_slip3 450  3230   289   0.280         -1.58           0.14    -0.44   -1.19     0.36 -0.9 +0.1
thr0.03_s0.75_slip3 600  3230   289   0.282         -1.99          -0.31    -0.56   -1.27     0.15 -0.8 -0.2
 thr0.03_s1.5_slip0 150   535   196   0.187         11.87          12.13     2.22    0.70     3.82 +1.8 +2.7
 thr0.03_s1.5_slip0 300   535   196   0.108          9.05          11.40     0.98   -0.26     2.24 +0.0 +2.0
 thr0.03_s1.5_slip0 450   535   196   0.082          9.52          10.21     0.78   -0.29     1.86 +0.0 +1.6
 thr0.03_s1.5_slip0 600   535   196   0.065         12.88           9.94     0.84   -0.10     1.84 +0.3 +1.4
 thr0.03_s1.5_slip3 150   535   196   0.279          8.85          10.58     2.46    0.39     4.54 +1.5 +3.5
 thr0.03_s1.5_slip3 300   535   196   0.153          5.04           9.24     0.77   -0.50     2.11 -0.9 +2.6
 thr0.03_s1.5_slip3 450   535   196   0.116          5.98           8.64     0.69   -0.43     1.95 -0.6 +2.1
 thr0.03_s1.5_slip3 600   535   196   0.107          7.78           8.01     0.83   -0.52     2.10 +0.1 +1.7
   thr0.03_s1_slip0 150  1651   265   0.167          8.41           6.57     1.40    0.60     2.18 +0.6 +2.4
   thr0.03_s1_slip0 300  1651   265   0.105          6.42           5.81     0.67    0.04     1.28 -0.0 +1.6
   thr0.03_s1_slip0 450  1651   265   0.086          6.13           5.07     0.52   -0.13     1.11 -0.3 +1.6
   thr0.03_s1_slip0 600  1651   265   0.075          7.90           3.52     0.59    0.01     1.18 -0.4 +1.8
   thr0.03_s1_slip3 150  1651   265   0.333          4.21           4.85     1.39    0.39     2.52 +0.3 +2.8
   thr0.03_s1_slip3 300  1651   265   0.208          4.12           3.35     0.85   -0.03     1.78 +0.1 +1.8
   thr0.03_s1_slip3 450  1651   265   0.177          2.98           1.93     0.53   -0.31     1.41 -0.4 +1.7
   thr0.03_s1_slip3 600  1651   265   0.177          2.79           1.23     0.49   -0.36     1.34 -0.2 +1.4
thr0.05_s0.75_slip0 150  1421   258   0.167          8.83           7.21     1.46    0.55     2.36 +0.5 +2.6
thr0.05_s0.75_slip0 300  1421   258   0.101          6.07           6.63     0.61   -0.06     1.27 -0.2 +1.6
thr0.05_s0.75_slip0 450  1421   258   0.084          4.02           5.66     0.34   -0.36     1.03 -0.6 +1.5
thr0.05_s0.75_slip0 600  1421   258   0.071          7.48           4.27     0.53   -0.11     1.18 -0.5 +1.8
thr0.05_s0.75_slip3 150  1421   258   0.313          4.78           5.52     1.49    0.35     2.75 +0.1 +3.2
thr0.05_s0.75_slip3 300  1421   258   0.188          3.67           3.92     0.68   -0.30     1.68 -0.4 +2.0
thr0.05_s0.75_slip3 450  1421   258   0.162          2.19           2.44     0.35   -0.61     1.31 -0.8 +1.8
thr0.05_s0.75_slip3 600  1421   258   0.160          2.87           1.79     0.46   -0.51     1.30 -0.5 +1.7
 thr0.05_s1.5_slip0 150   190   108   0.253         19.62          15.23     4.96    2.31     7.69 +5.0 +4.9
 thr0.05_s1.5_slip0 300   190   108   0.142         17.07          14.08     2.43    0.15     4.69 +2.6 +2.2
 thr0.05_s1.5_slip0 450   190   108   0.084         30.81          15.93     2.59    0.85     4.42 +2.5 +2.7
 thr0.05_s1.5_slip0 600   190   108   0.068         31.72          17.48     2.17    0.49     3.87 +2.2 +2.1
 thr0.05_s1.5_slip3 150   190   108   0.347         13.10          14.64     4.55    1.50     7.60 +2.9 +6.3
 thr0.05_s1.5_slip3 300   190   108   0.189         14.02          14.10     2.66    0.37     4.81 +1.9 +3.4
 thr0.05_s1.5_slip3 450   190   108   0.121         22.35          12.24     2.71    0.83     4.75 +1.7 +3.8
 thr0.05_s1.5_slip3 600   190   108   0.100         26.85          14.53     2.68    0.71     4.81 +2.5 +2.8
   thr0.05_s1_slip0 150   641   209   0.183         10.20          10.64     1.86    0.53     3.32 +1.3 +2.5
   thr0.05_s1_slip0 300   641   209   0.111          9.79           9.93     1.08    0.06     2.20 +0.1 +2.2
   thr0.05_s1_slip0 450   641   209   0.087          9.50           9.18     0.83   -0.20     1.95 -0.1 +1.8
   thr0.05_s1_slip0 600   641   209   0.072         12.74           8.38     0.91    0.01     1.82 +0.2 +1.7
   thr0.05_s1_slip3 150   641   209   0.276          7.18           9.34     1.98    0.05     3.76 +0.7 +3.4
   thr0.05_s1_slip3 300   641   209   0.161          4.16           7.55     0.67   -0.55     1.93 -1.2 +2.7
   thr0.05_s1_slip3 450   641   209   0.122          5.76           7.13     0.70   -0.40     1.89 -0.6 +2.1
   thr0.05_s1_slip3 600   641   209   0.117          6.17           6.19     0.72   -0.53     1.83 -0.2 +1.8
