/home/lab/data/2026-10-09: тиков 894755, сигналов 83670
/home/lab/data/2026-10-10: тиков 171251, сигналов 17686
            вариант   L  сигн  окон  исполн  цшейр_расчёт  цшейр_маркаут  цсигнал  ИИ_низ  ИИ_верх       дни
thr0.01_s0.75_slip0 150  7886   438   0.255          1.55           1.64     0.40   -0.23     1.03 +0.2 +1.8
thr0.01_s0.75_slip0 300  7886   438   0.175          1.05           0.53     0.18   -0.38     0.70 +0.1 +0.9
thr0.01_s0.75_slip0 450  7886   438   0.162          0.88           0.09     0.14   -0.47     0.69 +0.1 +0.7
thr0.01_s0.75_slip0 600  7886   438   0.160         -0.22          -0.23    -0.04   -0.60     0.57 -0.1 +0.7
thr0.01_s0.75_slip3 150  7886   438   0.693          0.90           0.76     0.62   -0.21     1.46 +0.3 +2.9
thr0.01_s0.75_slip3 300  7886   438   0.518         -0.56          -0.68    -0.29   -1.08     0.47 -0.5 +1.0
thr0.01_s0.75_slip3 450  7886   438   0.496         -0.89          -1.07    -0.44   -1.24     0.38 -0.6 +0.7
thr0.01_s0.75_slip3 600  7886   438   0.489         -0.75          -1.17    -0.37   -1.11     0.38 -0.5 +0.6
 thr0.01_s1.5_slip0 150  4507   436   0.186          3.66           4.03     0.68    0.09     1.25 +0.4 +2.0
 thr0.01_s1.5_slip0 300  4507   436   0.116          0.81           2.63     0.09   -0.39     0.55 -0.1 +0.8
 thr0.01_s1.5_slip0 450  4507   436   0.106          1.10           1.73     0.12   -0.36     0.59 +0.0 +0.6
 thr0.01_s1.5_slip0 600  4507   436   0.103          0.05           1.19     0.00   -0.47     0.43 -0.1 +0.7
 thr0.01_s1.5_slip3 150  4507   436   0.536          2.01           2.06     1.08    0.14     2.01 +0.6 +3.1
 thr0.01_s1.5_slip3 300  4507   436   0.347         -0.65           0.03    -0.22   -0.92     0.51 -0.6 +1.5
 thr0.01_s1.5_slip3 450  4507   436   0.330         -0.85          -0.47    -0.28   -1.03     0.44 -0.6 +1.2
 thr0.01_s1.5_slip3 600  4507   436   0.329         -1.03          -0.65    -0.34   -1.09     0.44 -0.6 +1.1
   thr0.01_s1_slip0 150  6578   438   0.223          1.91           2.27     0.42   -0.20     1.03 +0.1 +2.3
   thr0.01_s1_slip0 300  6578   438   0.147          0.49           1.06     0.07   -0.43     0.55 -0.1 +1.3
   thr0.01_s1_slip0 450  6578   438   0.137          0.31           0.66     0.04   -0.45     0.56 -0.1 +1.1
   thr0.01_s1_slip0 600  6578   438   0.135         -0.95           0.23    -0.13   -0.65     0.38 -0.3 +1.0
   thr0.01_s1_slip3 150  6578   438   0.640          1.06           1.15     0.68   -0.16     1.52 +0.2 +3.4
   thr0.01_s1_slip3 300  6578   438   0.456         -0.46          -0.45    -0.21   -0.95     0.52 -0.5 +1.7
   thr0.01_s1_slip3 450  6578   438   0.438         -0.69          -0.86    -0.30   -1.01     0.38 -0.6 +1.4
   thr0.01_s1_slip3 600  6578   438   0.432         -0.78          -1.02    -0.34   -1.11     0.37 -0.6 +1.4
thr0.02_s0.75_slip0 150  6357   438   0.210          2.03           2.56     0.42   -0.09     0.96 +0.1 +2.3
thr0.02_s0.75_slip0 300  6357   438   0.134          0.53           1.29     0.07   -0.41     0.53 -0.1 +1.2
thr0.02_s0.75_slip0 450  6357   438   0.124          0.45           0.82     0.06   -0.43     0.49 -0.1 +1.0
thr0.02_s0.75_slip0 600  6357   438   0.122         -1.06           0.35    -0.13   -0.58     0.31 -0.3 +1.0
thr0.02_s0.75_slip3 150  6357   438   0.627          0.98           1.24     0.62   -0.19     1.44 +0.2 +3.2
thr0.02_s0.75_slip3 300  6357   438   0.438         -0.59          -0.42    -0.26   -0.98     0.50 -0.6 +1.6
thr0.02_s0.75_slip3 450  6357   438   0.419         -0.80          -0.88    -0.33   -0.99     0.37 -0.6 +1.3
thr0.02_s0.75_slip3 600  6357   438   0.412         -0.93          -1.04    -0.38   -1.03     0.33 -0.7 +1.2
 thr0.02_s1.5_slip0 150  2965   430   0.168          7.48           6.49     1.25    0.61     1.93 +1.0 +2.2
 thr0.02_s1.5_slip0 300  2965   430   0.096          7.90           5.20     0.75    0.29     1.22 +0.7 +1.1
 thr0.02_s1.5_slip0 450  2965   430   0.085          5.93           3.99     0.50    0.11     0.92 +0.5 +0.5
 thr0.02_s1.5_slip0 600  2965   430   0.077          5.62           3.38     0.43    0.04     0.84 +0.4 +0.6
 thr0.02_s1.5_slip3 150  2965   430   0.437          5.09           3.88     2.22    1.25     3.22 +1.7 +3.9
 thr0.02_s1.5_slip3 300  2965   430   0.240          3.10           1.52     0.74   -0.02     1.51 +0.3 +2.4
 thr0.02_s1.5_slip3 450  2965   430   0.227          2.79           0.82     0.63   -0.15     1.42 +0.3 +1.7
 thr0.02_s1.5_slip3 600  2965   430   0.227          1.42           0.33     0.32   -0.41     1.13 +0.0 +1.3
   thr0.02_s1_slip0 150  4925   436   0.187          3.38           3.78     0.63    0.07     1.17 +0.3 +2.2
   thr0.02_s1_slip0 300  4925   436   0.114          0.63           2.37     0.07   -0.38     0.50 -0.1 +0.9
   thr0.02_s1_slip0 450  4925   436   0.104          0.75           1.59     0.08   -0.37     0.51 -0.1 +0.8
   thr0.02_s1_slip0 600  4925   436   0.102         -0.53           0.98    -0.05   -0.50     0.35 -0.2 +0.9
   thr0.02_s1_slip3 150  4925   436   0.550          1.55           1.82     0.85   -0.01     1.70 +0.4 +3.1
   thr0.02_s1_slip3 300  4925   436   0.356         -1.08          -0.16    -0.38   -1.19     0.33 -0.7 +1.4
   thr0.02_s1_slip3 450  4925   436   0.338         -1.31          -0.68    -0.44   -1.21     0.28 -0.8 +1.3
   thr0.02_s1_slip3 600  4925   436   0.337         -1.33          -0.88    -0.45   -1.16     0.28 -0.8 +1.1
thr0.03_s0.75_slip0 150  5136   436   0.187          3.04           3.74     0.57    0.03     1.14 +0.3 +2.2
thr0.03_s0.75_slip0 300  5136   436   0.114          0.91           2.40     0.10   -0.37     0.53 -0.1 +0.9
thr0.03_s0.75_slip0 450  5136   436   0.104          0.72           1.65     0.07   -0.40     0.52 -0.1 +0.7
thr0.03_s0.75_slip0 600  5136   436   0.102         -0.54           0.97    -0.05   -0.50     0.37 -0.2 +0.8
thr0.03_s0.75_slip3 150  5136   436   0.558          1.55           1.77     0.86    0.02     1.71 +0.4 +3.1
thr0.03_s0.75_slip3 300  5136   436   0.363         -0.69          -0.19    -0.25   -0.96     0.45 -0.6 +1.4
thr0.03_s0.75_slip3 450  5136   436   0.344         -1.00          -0.71    -0.34   -1.06     0.43 -0.6 +1.2
thr0.03_s0.75_slip3 600  5136   436   0.343         -0.90          -0.92    -0.31   -1.04     0.46 -0.6 +1.0
 thr0.03_s1.5_slip0 150  1986   411   0.166          9.62           8.25     1.59    0.73     2.47 +1.2 +2.8
 thr0.03_s1.5_slip0 300  1986   411   0.088         11.44           7.56     1.00    0.40     1.61 +0.9 +1.3
 thr0.03_s1.5_slip0 450  1986   411   0.074          8.31           5.61     0.61    0.11     1.17 +0.6 +0.5
 thr0.03_s1.5_slip0 600  1986   411   0.064          7.60           4.82     0.49    0.01     1.00 +0.5 +0.5
 thr0.03_s1.5_slip3 150  1986   411   0.377          7.15           5.48     2.68    1.63     3.71 +2.2 +4.1
 thr0.03_s1.5_slip3 300  1986   411   0.193          5.90           2.87     1.13    0.32     1.88 +0.7 +2.3
 thr0.03_s1.5_slip3 450  1986   411   0.171          4.09           1.41     0.70   -0.04     1.49 +0.4 +1.5
 thr0.03_s1.5_slip3 600  1986   411   0.176          3.12           0.52     0.55   -0.25     1.33 +0.3 +1.2
   thr0.03_s1_slip0 150  3749   435   0.180          3.71           5.21     0.67   -0.05     1.36 +0.3 +2.3
   thr0.03_s1_slip0 300  3749   435   0.109          1.70           3.82     0.18   -0.41     0.69 -0.0 +1.0
   thr0.03_s1_slip0 450  3749   435   0.097         -0.24           2.82    -0.02   -0.56     0.45 -0.2 +0.6
   thr0.03_s1_slip0 600  3749   435   0.094         -1.09           2.14    -0.10   -0.65     0.37 -0.3 +0.7
   thr0.03_s1_slip3 150  3749   435   0.486          2.70           2.99     1.31    0.29     2.31 +0.8 +3.7
   thr0.03_s1_slip3 300  3749   435   0.289         -0.24           0.77    -0.07   -0.87     0.69 -0.6 +2.2
   thr0.03_s1_slip3 450  3749   435   0.271         -0.64           0.15    -0.17   -1.02     0.64 -0.6 +1.6
   thr0.03_s1_slip3 600  3749   435   0.269         -1.51          -0.23    -0.41   -1.23     0.48 -0.8 +1.2
thr0.05_s0.75_slip0 150  3374   430   0.171          4.06           6.00     0.69   -0.07     1.43 +0.3 +2.2
thr0.05_s0.75_slip0 300  3374   430   0.103          0.75           4.42     0.08   -0.61     0.64 -0.1 +0.9
thr0.05_s0.75_slip0 450  3374   430   0.092         -0.78           3.22    -0.07   -0.69     0.48 -0.2 +0.5
thr0.05_s0.75_slip0 600  3374   430   0.088         -2.06           2.63    -0.18   -0.74     0.32 -0.4 +0.6
thr0.05_s0.75_slip3 150  3374   430   0.453          3.11           3.51     1.40    0.34     2.52 +0.9 +3.5
thr0.05_s0.75_slip3 300  3374   430   0.255         -0.58           1.13    -0.15   -1.04     0.68 -0.7 +2.1
thr0.05_s0.75_slip3 450  3374   430   0.240         -0.59           0.48    -0.14   -1.09     0.79 -0.5 +1.4
thr0.05_s0.75_slip3 600  3374   430   0.241         -1.69           0.00    -0.41   -1.30     0.50 -0.8 +1.0
 thr0.05_s1.5_slip0 150  1046   350   0.167         12.51          12.31     2.08    0.87     3.32 +1.2 +3.9
 thr0.05_s1.5_slip0 300  1046   350   0.085         15.49          11.84     1.30    0.56     2.14 +1.3 +1.3
 thr0.05_s1.5_slip0 450  1046   350   0.067         12.06          10.22     0.80    0.10     1.54 +0.9 +0.7
 thr0.05_s1.5_slip0 600  1046   350   0.054         11.47           8.09     0.61    0.02     1.26 +0.6 +0.6
 thr0.05_s1.5_slip3 150  1046   350   0.317          9.00           9.39     2.83    1.41     4.31 +2.6 +3.3
 thr0.05_s1.5_slip3 300  1046   350   0.150         11.58           7.61     1.73    0.82     2.68 +1.4 +2.3
 thr0.05_s1.5_slip3 450  1046   350   0.124          8.91           5.34     1.10    0.16     2.05 +1.2 +0.8
 thr0.05_s1.5_slip3 600  1046   350   0.118          4.24           3.44     0.49   -0.37     1.40 +0.6 +0.2
   thr0.05_s1_slip0 150  2169   411   0.160          9.01           8.07     1.44    0.63     2.25 +1.1 +2.6
   thr0.05_s1_slip0 300  2169   411   0.084          9.57           7.32     0.80    0.27     1.37 +0.7 +1.2
   thr0.05_s1_slip0 450  2169   411   0.071          8.10           5.68     0.57    0.06     1.09 +0.6 +0.6
   thr0.05_s1_slip0 600  2169   411   0.062          7.42           4.98     0.46   -0.02     0.96 +0.4 +0.5
   thr0.05_s1_slip3 150  2169   411   0.366          6.72           5.59     2.45    1.42     3.49 +2.0 +3.9
   thr0.05_s1_slip3 300  2169   411   0.181          5.80           3.01     1.05    0.32     1.80 +0.6 +2.5
   thr0.05_s1_slip3 450  2169   411   0.163          3.83           1.73     0.62   -0.11     1.37 +0.3 +1.6
   thr0.05_s1_slip3 600  2169   411   0.169          2.92           0.73     0.49   -0.29     1.22 +0.3 +1.2
