/home/lab/data/2026-10-09: тиков 396406, сигналов 99524
/home/lab/data/2026-10-10: тиков 95711, сигналов 24422
            вариант   L  сигн  окон  исполн  цшейр_расчёт  цшейр_маркаут  цсигнал  ИИ_низ  ИИ_верх       дни
thr0.01_s0.75_slip0 150 11316   444   0.567          0.03          -0.45     0.02   -0.82     0.88 +0.1 -0.5
thr0.01_s0.75_slip0 300 11316   444   0.478         -0.43          -1.02    -0.21   -1.01     0.61 -0.1 -0.8
thr0.01_s0.75_slip0 450 11316   444   0.448         -0.73          -1.16    -0.32   -1.11     0.48 -0.2 -0.7
thr0.01_s0.75_slip0 600 11316   444   0.430         -0.70          -1.34    -0.30   -1.03     0.45 -0.2 -0.7
thr0.01_s0.75_slip3 150 11316   444   0.833          0.55          -0.25     0.46   -0.41     1.36 +0.7 -0.7
thr0.01_s0.75_slip3 300 11316   444   0.734         -0.41          -1.10    -0.30   -1.22     0.56 -0.1 -1.2
thr0.01_s0.75_slip3 450 11316   444   0.712         -0.65          -1.33    -0.46   -1.39     0.41 -0.3 -1.2
thr0.01_s0.75_slip3 600 11316   444   0.699         -0.93          -1.47    -0.65   -1.53     0.26 -0.5 -1.4
 thr0.01_s1.5_slip0 150  5289   442   0.452          0.02           0.30     0.01   -0.88     0.88 +0.2 -0.9
 thr0.01_s1.5_slip0 300  5289   442   0.371         -0.44          -0.49    -0.16   -1.00     0.71 -0.0 -0.7
 thr0.01_s1.5_slip0 450  5289   442   0.345         -0.71          -0.72    -0.24   -1.09     0.60 -0.1 -0.6
 thr0.01_s1.5_slip0 600  5289   442   0.334         -0.75          -0.98    -0.25   -1.08     0.57 -0.1 -0.7
 thr0.01_s1.5_slip3 150  5289   442   0.717          0.70           0.51     0.50   -0.50     1.53 +0.8 -0.6
 thr0.01_s1.5_slip3 300  5289   442   0.595         -0.78          -0.79    -0.46   -1.50     0.58 -0.3 -1.2
 thr0.01_s1.5_slip3 450  5289   442   0.573         -1.32          -1.13    -0.75   -1.68     0.19 -0.6 -1.4
 thr0.01_s1.5_slip3 600  5289   442   0.562         -1.46          -1.32    -0.82   -1.73     0.18 -0.6 -1.7
   thr0.01_s1_slip0 150  8796   444   0.520         -0.25          -0.28    -0.13   -0.95     0.67 -0.1 -0.5
   thr0.01_s1_slip0 300  8796   444   0.436         -0.46          -0.88    -0.20   -0.97     0.52 -0.1 -0.7
   thr0.01_s1_slip0 450  8796   444   0.408         -0.85          -1.02    -0.34   -1.14     0.41 -0.3 -0.7
   thr0.01_s1_slip0 600  8796   444   0.393         -0.96          -1.19    -0.38   -1.09     0.27 -0.3 -0.7
   thr0.01_s1_slip3 150  8796   444   0.797          0.54          -0.04     0.43   -0.50     1.37 +0.6 -0.6
   thr0.01_s1_slip3 300  8796   444   0.693         -0.49          -1.01    -0.34   -1.22     0.56 -0.2 -1.1
   thr0.01_s1_slip3 450  8796   444   0.670         -0.84          -1.27    -0.56   -1.46     0.33 -0.4 -1.1
   thr0.01_s1_slip3 600  8796   444   0.656         -1.11          -1.41    -0.73   -1.61     0.12 -0.6 -1.3
thr0.02_s0.75_slip0 150  8482   443   0.511         -0.18          -0.23    -0.09   -0.95     0.73 +0.1 -0.8
thr0.02_s0.75_slip0 300  8482   443   0.429         -0.43          -0.86    -0.18   -0.99     0.65 -0.0 -1.0
thr0.02_s0.75_slip0 450  8482   443   0.401         -0.87          -1.00    -0.35   -1.15     0.45 -0.2 -0.9
thr0.02_s0.75_slip0 600  8482   443   0.388         -0.98          -1.19    -0.38   -1.11     0.37 -0.3 -0.9
thr0.02_s0.75_slip3 150  8482   443   0.789          0.56           0.00     0.44   -0.50     1.36 +0.7 -0.7
thr0.02_s0.75_slip3 300  8482   443   0.682         -0.57          -1.02    -0.39   -1.31     0.55 -0.2 -1.3
thr0.02_s0.75_slip3 450  8482   443   0.658         -0.88          -1.28    -0.58   -1.49     0.35 -0.4 -1.3
thr0.02_s0.75_slip3 600  8482   443   0.643         -1.22          -1.44    -0.78   -1.62     0.15 -0.6 -1.6
 thr0.02_s1.5_slip0 150  3096   425   0.394         -0.81           1.47    -0.32   -1.53     0.92 -0.2 -0.7
 thr0.02_s1.5_slip0 300  3096   425   0.310         -2.36           0.37    -0.73   -1.91     0.48 -0.8 -0.6
 thr0.02_s1.5_slip0 450  3096   425   0.284         -2.75           0.03    -0.78   -1.87     0.40 -0.8 -0.7
 thr0.02_s1.5_slip0 600  3096   425   0.266         -2.77          -0.39    -0.74   -1.75     0.40 -0.7 -0.9
 thr0.02_s1.5_slip3 150  3096   425   0.618          0.67           1.69     0.41   -0.85     1.82 +0.8 -0.7
 thr0.02_s1.5_slip3 300  3096   425   0.490         -1.68          -0.07    -0.82   -2.11     0.42 -0.8 -1.0
 thr0.02_s1.5_slip3 450  3096   425   0.469         -2.11          -0.43    -0.99   -2.28     0.32 -0.9 -1.4
 thr0.02_s1.5_slip3 600  3096   425   0.455         -2.33          -0.83    -1.06   -2.20     0.16 -0.9 -1.7
   thr0.02_s1_slip0 150  5941   442   0.466         -0.01           0.15    -0.01   -0.89     0.84 +0.2 -0.9
   thr0.02_s1_slip0 300  5941   442   0.385         -0.59          -0.60    -0.23   -1.05     0.59 -0.1 -0.7
   thr0.02_s1_slip0 450  5941   442   0.358         -0.76          -0.82    -0.27   -1.10     0.51 -0.2 -0.6
   thr0.02_s1_slip0 600  5941   442   0.346         -0.82          -1.06    -0.28   -1.09     0.50 -0.2 -0.6
   thr0.02_s1_slip3 150  5941   442   0.731          0.35           0.37     0.26   -0.78     1.31 +0.5 -0.9
   thr0.02_s1_slip3 300  5941   442   0.611         -0.83          -0.87    -0.51   -1.55     0.48 -0.3 -1.3
   thr0.02_s1_slip3 450  5941   442   0.589         -1.07          -1.18    -0.63   -1.61     0.44 -0.5 -1.3
   thr0.02_s1_slip3 600  5941   442   0.575         -1.46          -1.37    -0.84   -1.79     0.13 -0.6 -1.6
thr0.03_s0.75_slip0 150  6273   442   0.474         -0.30           0.10    -0.14   -0.97     0.74 +0.1 -1.0
thr0.03_s0.75_slip0 300  6273   442   0.391         -0.85          -0.70    -0.33   -1.19     0.52 -0.2 -0.8
thr0.03_s0.75_slip0 450  6273   442   0.363         -1.11          -0.87    -0.40   -1.24     0.40 -0.3 -0.7
thr0.03_s0.75_slip0 600  6273   442   0.352         -1.01          -1.11    -0.35   -1.14     0.45 -0.3 -0.7
thr0.03_s0.75_slip3 150  6273   442   0.737          0.32           0.31     0.23   -0.70     1.23 +0.5 -1.0
thr0.03_s0.75_slip3 300  6273   442   0.619         -0.85          -0.91    -0.53   -1.54     0.46 -0.3 -1.5
thr0.03_s0.75_slip3 450  6273   442   0.596         -1.11          -1.23    -0.66   -1.66     0.34 -0.5 -1.5
thr0.03_s0.75_slip3 600  6273   442   0.582         -1.47          -1.40    -0.85   -1.86     0.18 -0.6 -1.8
 thr0.03_s1.5_slip0 150  1940   394   0.361          0.46           2.40     0.17   -1.10     1.35 +0.2 -0.0
 thr0.03_s1.5_slip0 300  1940   394   0.279         -1.16           1.21    -0.32   -1.49     0.81 -0.5 +0.1
 thr0.03_s1.5_slip0 450  1940   394   0.251         -1.59           0.63    -0.40   -1.51     0.68 -0.4 -0.3
 thr0.03_s1.5_slip0 600  1940   394   0.229         -1.72           0.02    -0.39   -1.46     0.69 -0.4 -0.5
 thr0.03_s1.5_slip3 150  1940   394   0.547          2.22           2.82     1.21   -0.25     2.69 +1.4 +0.7
 thr0.03_s1.5_slip3 300  1940   394   0.421         -0.51           0.53    -0.21   -1.55     1.19 -0.4 +0.4
 thr0.03_s1.5_slip3 450  1940   394   0.397         -0.86           0.02    -0.34   -1.69     1.08 -0.3 -0.5
 thr0.03_s1.5_slip3 600  1940   394   0.381         -1.08          -0.48    -0.41   -1.77     0.89 -0.3 -0.8
   thr0.03_s1_slip0 150  4138   437   0.419         -0.57           0.79    -0.24   -1.19     0.83 -0.1 -0.8
   thr0.03_s1_slip0 300  4138   437   0.340         -1.40          -0.16    -0.47   -1.47     0.51 -0.4 -0.6
   thr0.03_s1_slip0 450  4138   437   0.313         -1.79          -0.48    -0.56   -1.43     0.35 -0.5 -0.7
   thr0.03_s1_slip0 600  4138   437   0.300         -1.68          -0.78    -0.50   -1.37     0.46 -0.4 -0.8
   thr0.03_s1_slip3 150  4138   437   0.668          0.80           0.98     0.53   -0.61     1.71 +0.8 -0.4
   thr0.03_s1_slip3 300  4138   437   0.542         -1.41          -0.54    -0.76   -1.82     0.32 -0.7 -1.1
   thr0.03_s1_slip3 450  4138   437   0.519         -1.87          -0.89    -0.97   -2.08     0.11 -0.9 -1.3
   thr0.03_s1_slip3 600  4138   437   0.506         -2.26          -1.20    -1.14   -2.23    -0.01 -1.0 -1.6
thr0.05_s0.75_slip0 150  3664   427   0.401         -0.69           1.14    -0.28   -1.39     0.81 -0.1 -1.1
thr0.05_s0.75_slip0 300  3664   427   0.322         -1.55           0.14    -0.50   -1.56     0.67 -0.5 -0.6
thr0.05_s0.75_slip0 450  3664   427   0.296         -2.08          -0.17    -0.61   -1.67     0.43 -0.6 -0.8
thr0.05_s0.75_slip0 600  3664   427   0.281         -2.07          -0.60    -0.58   -1.49     0.40 -0.5 -0.9
thr0.05_s0.75_slip3 150  3664   427   0.636          0.89           1.30     0.56   -0.70     1.91 +0.9 -0.7
thr0.05_s0.75_slip3 300  3664   427   0.508         -1.41          -0.31    -0.72   -1.91     0.58 -0.6 -1.3
thr0.05_s0.75_slip3 450  3664   427   0.487         -1.89          -0.67    -0.92   -2.19     0.38 -0.8 -1.4
thr0.05_s0.75_slip3 600  3664   427   0.474         -2.26          -1.03    -1.07   -2.25     0.29 -0.9 -1.8
 thr0.05_s1.5_slip0 150   881   320   0.287          8.24           5.19     2.34    0.80     3.97 +2.1 +3.1
 thr0.05_s1.5_slip0 300   881   320   0.221          7.13           3.11     1.55    0.15     3.02 +1.1 +2.6
 thr0.05_s1.5_slip0 450   881   320   0.193          6.35           1.88     1.21   -0.17     2.76 +1.0 +1.7
 thr0.05_s1.5_slip0 600   881   320   0.176          7.19           1.27     1.25   -0.13     2.63 +1.1 +1.5
 thr0.05_s1.5_slip3 150   881   320   0.438          9.72           5.40     4.21    2.46     6.20 +4.0 +4.6
 thr0.05_s1.5_slip3 300   881   320   0.314          5.70           1.92     1.77    0.17     3.39 +1.6 +2.2
 thr0.05_s1.5_slip3 450   881   320   0.291          5.09           0.87     1.47   -0.22     3.05 +1.7 +0.8
 thr0.05_s1.5_slip3 600   881   320   0.277          5.81           0.39     1.60   -0.01     3.28 +1.9 +0.8
   thr0.05_s1_slip0 150  2157   398   0.368          1.04           2.02     0.38   -1.10     1.83 +0.4 +0.3
   thr0.05_s1_slip0 300  2157   398   0.287         -0.25           0.72    -0.07   -1.40     1.25 -0.3 +0.7
   thr0.05_s1_slip0 450  2157   398   0.262         -0.72           0.21    -0.19   -1.39     1.23 -0.4 +0.4
   thr0.05_s1_slip0 600  2157   398   0.240         -0.99          -0.33    -0.24   -1.47     1.10 -0.4 +0.1
   thr0.05_s1_slip3 150  2157   398   0.553          1.90           2.37     1.05   -0.55     2.65 +1.1 +0.9
   thr0.05_s1_slip3 300  2157   398   0.427         -0.30           0.29    -0.13   -1.73     1.56 -0.4 +0.8
   thr0.05_s1_slip3 450  2157   398   0.406         -0.92          -0.25    -0.37   -1.92     1.17 -0.5 +0.1
   thr0.05_s1_slip3 600  2157   398   0.389         -0.88          -0.70    -0.34   -1.79     1.23 -0.4 -0.2
