/home/lab/data/2026-10-09: тиков 78004, сигналов 49242
/home/lab/data/2026-10-10: тиков 7517, сигналов 6422
            вариант   L  сигн  окон  исполн  цшейр_расчёт  цшейр_маркаут  цсигнал  ИИ_низ  ИИ_верх       дни
thr0.01_s0.75_slip0 150  6447   436   0.239          2.02           2.29     0.48   -0.01     1.00 +0.3 +1.8
thr0.01_s0.75_slip0 300  6447   436   0.145          1.06           1.33     0.15   -0.23     0.52 +0.1 +0.9
thr0.01_s0.75_slip0 450  6447   436   0.128         -0.01           0.46    -0.00   -0.35     0.36 -0.0 +0.2
thr0.01_s0.75_slip0 600  6447   436   0.125         -0.81          -0.17    -0.10   -0.44     0.25 -0.1 +0.2
thr0.01_s0.75_slip3 150  6447   436   0.644          2.03           1.16     1.31    0.75     1.94 +1.2 +2.2
thr0.01_s0.75_slip3 300  6447   436   0.479          0.64          -0.36     0.31   -0.31     0.94 +0.3 +0.2
thr0.01_s0.75_slip3 450  6447   436   0.453         -0.19          -0.74    -0.09   -0.69     0.52 -0.0 -0.4
thr0.01_s0.75_slip3 600  6447   436   0.442         -0.41          -1.07    -0.18   -0.75     0.37 -0.2 -0.4
 thr0.01_s1.5_slip0 150  2064   383   0.172          8.01           6.94     1.37    0.59     2.20 +1.1 +3.2
 thr0.01_s1.5_slip0 300  2064   383   0.097          9.09           5.84     0.88    0.42     1.37 +0.8 +1.6
 thr0.01_s1.5_slip0 450  2064   383   0.086          8.85           4.92     0.76    0.30     1.28 +0.7 +0.9
 thr0.01_s1.5_slip0 600  2064   383   0.078          9.26           3.77     0.72    0.31     1.17 +0.7 +0.8
 thr0.01_s1.5_slip3 150  2064   383   0.384          5.92           4.69     2.27    1.27     3.29 +2.1 +3.6
 thr0.01_s1.5_slip3 300  2064   383   0.222          5.09           2.74     1.13    0.43     1.79 +1.0 +2.2
 thr0.01_s1.5_slip3 450  2064   383   0.199          4.18           1.83     0.83    0.15     1.53 +0.8 +0.8
 thr0.01_s1.5_slip3 600  2064   383   0.200          2.51           0.99     0.50   -0.17     1.23 +0.5 +0.8
   thr0.01_s1_slip0 150  4495   428   0.204          3.11           3.69     0.64    0.08     1.25 +0.4 +2.6
   thr0.01_s1_slip0 300  4495   428   0.117          1.99           2.57     0.23   -0.14     0.61 +0.1 +0.9
   thr0.01_s1_slip0 450  4495   428   0.104          0.86           1.44     0.09   -0.24     0.44 +0.0 +0.5
   thr0.01_s1_slip0 600  4495   428   0.102         -1.48           0.54    -0.15   -0.50     0.16 -0.2 +0.3
   thr0.01_s1_slip3 150  4495   428   0.548          2.24           1.98     1.23    0.46     2.04 +1.0 +3.0
   thr0.01_s1_slip3 300  4495   428   0.378          0.11           0.25     0.04   -0.57     0.65 -0.1 +0.9
   thr0.01_s1_slip3 450  4495   428   0.352         -0.63          -0.22    -0.22   -0.84     0.43 -0.3 +0.0
   thr0.01_s1_slip3 600  4495   428   0.347         -1.16          -0.64    -0.40   -1.04     0.22 -0.4 -0.2
thr0.02_s0.75_slip0 150  4330   424   0.199          2.74           3.73     0.54   -0.05     1.07 +0.3 +2.5
thr0.02_s0.75_slip0 300  4330   424   0.113          1.54           2.68     0.17   -0.17     0.53 +0.1 +0.9
thr0.02_s0.75_slip0 450  4330   424   0.101          0.67           1.52     0.07   -0.31     0.42 +0.0 +0.3
thr0.02_s0.75_slip0 600  4330   424   0.101         -1.30           0.55    -0.13   -0.48     0.20 -0.2 +0.1
thr0.02_s0.75_slip3 150  4330   424   0.531          2.60           2.08     1.38    0.59     2.27 +1.2 +3.1
thr0.02_s0.75_slip3 300  4330   424   0.358          0.68           0.26     0.24   -0.42     0.90 +0.2 +0.8
thr0.02_s0.75_slip3 450  4330   424   0.333         -0.12          -0.27    -0.04   -0.69     0.65 -0.0 -0.0
thr0.02_s0.75_slip3 600  4330   424   0.329         -0.58          -0.71    -0.19   -0.84     0.49 -0.2 -0.2
 thr0.02_s1.5_slip0 150   976   312   0.170         12.65          10.79     2.15    0.96     3.39 +2.2 +1.9
 thr0.02_s1.5_slip0 300   976   312   0.087         18.75           9.34     1.63    0.95     2.41 +1.8 +0.8
 thr0.02_s1.5_slip0 450   976   312   0.069         16.91           7.03     1.16    0.50     1.86 +1.4 -0.2
 thr0.02_s1.5_slip0 600   976   312   0.056         15.29           5.91     0.86    0.24     1.54 +1.1 -0.5
 thr0.02_s1.5_slip3 150   976   312   0.290         11.39           8.66     3.29    1.70     4.75 +3.4 +2.8
 thr0.02_s1.5_slip3 300   976   312   0.145         12.77           6.41     1.86    0.96     2.76 +2.1 +0.6
 thr0.02_s1.5_slip3 450   976   312   0.120         11.82           4.20     1.42    0.52     2.32 +1.8 -0.6
 thr0.02_s1.5_slip3 600   976   312   0.115         10.79           3.30     1.24    0.42     2.08 +1.6 -0.6
   thr0.02_s1_slip0 150  2541   394   0.176          6.25           5.98     1.09    0.39     1.78 +0.8 +3.1
   thr0.02_s1_slip0 300  2541   394   0.099          7.88           4.99     0.78    0.31     1.23 +0.6 +1.8
   thr0.02_s1_slip0 450  2541   394   0.086          7.72           4.09     0.66    0.24     1.07 +0.6 +1.2
   thr0.02_s1_slip0 600  2541   394   0.081          4.84           2.63     0.39   -0.02     0.80 +0.3 +0.9
   thr0.02_s1_slip3 150  2541   394   0.412          4.92           3.84     2.02    1.08     3.05 +1.8 +3.7
   thr0.02_s1_slip3 300  2541   394   0.240          3.85           1.73     0.92    0.28     1.57 +0.7 +2.7
   thr0.02_s1_slip3 450  2541   394   0.218          2.86           0.91     0.62    0.01     1.26 +0.5 +1.2
   thr0.02_s1_slip3 600  2541   394   0.217          1.56           0.12     0.34   -0.32     1.01 +0.2 +1.0
thr0.03_s0.75_slip0 150  2840   401   0.174          4.82           5.58     0.84    0.17     1.51 +0.5 +3.1
thr0.03_s0.75_slip0 300  2840   401   0.098          6.21           4.48     0.60    0.20     1.04 +0.5 +1.4
thr0.03_s0.75_slip0 450  2840   401   0.085          6.40           3.50     0.54    0.14     0.93 +0.5 +0.8
thr0.03_s0.75_slip0 600  2840   401   0.082          2.98           2.07     0.24   -0.14     0.59 +0.2 +0.5
thr0.03_s0.75_slip3 150  2840   401   0.427          4.10           3.40     1.75    0.89     2.63 +1.5 +3.8
thr0.03_s0.75_slip3 300  2840   401   0.255          1.99           1.43     0.51   -0.10     1.13 +0.3 +2.2
thr0.03_s0.75_slip3 450  2840   401   0.232          0.57           0.63     0.13   -0.49     0.71 +0.0 +0.9
thr0.03_s0.75_slip3 600  2840   401   0.233         -0.79          -0.10    -0.18   -0.86     0.49 -0.3 +0.5
 thr0.03_s1.5_slip0 150   516   240   0.171         14.88          14.62     2.54    1.09     4.15 +2.2 +3.9
 thr0.03_s1.5_slip0 300   516   240   0.091         20.26          12.53     1.85    0.86     2.96 +2.1 +0.4
 thr0.03_s1.5_slip0 450   516   240   0.066         18.77           9.22     1.24    0.40     2.22 +1.5 -0.1
 thr0.03_s1.5_slip0 600   516   240   0.054         20.79           7.98     1.13    0.20     2.09 +1.5 -0.6
 thr0.03_s1.5_slip3 150   516   240   0.266         12.84          12.12     3.41    1.47     5.40 +3.2 +4.2
 thr0.03_s1.5_slip3 300   516   240   0.134         15.59          10.14     2.09    0.88     3.29 +2.5 +0.2
 thr0.03_s1.5_slip3 450   516   240   0.103         14.54           6.90     1.49    0.31     2.75 +2.2 -1.7
 thr0.03_s1.5_slip3 600   516   240   0.091         13.49           5.56     1.23    0.15     2.47 +1.7 -1.0
   thr0.03_s1_slip0 150  1508   355   0.170         11.18           9.24     1.89    0.91     2.87 +1.9 +1.8
   thr0.03_s1_slip0 300  1508   355   0.094         15.16           8.15     1.41    0.83     2.01 +1.5 +0.8
   thr0.03_s1_slip0 450  1508   355   0.080         12.80           6.29     1.02    0.42     1.62 +1.2 +0.0
   thr0.03_s1_slip0 600  1508   355   0.069         16.50           5.07     1.14    0.57     1.67 +1.3 -0.1
   thr0.03_s1_slip3 150  1508   355   0.326          9.10           6.76     2.96    1.78     4.29 +3.1 +2.2
   thr0.03_s1_slip3 300  1508   355   0.172         10.34           4.76     1.78    1.03     2.55 +1.8 +1.5
   thr0.03_s1_slip3 450  1508   355   0.152          9.21           3.00     1.39    0.59     2.13 +1.6 -0.3
   thr0.03_s1_slip3 600  1508   355   0.148          7.35           2.08     1.09    0.34     1.84 +1.3 -0.3
thr0.05_s0.75_slip0 150  1306   340   0.167         12.63          10.10     2.10    1.07     3.13 +2.1 +1.9
thr0.05_s0.75_slip0 300  1306   340   0.089         17.26           8.89     1.52    0.91     2.21 +1.6 +1.0
thr0.05_s0.75_slip0 450  1306   340   0.078         12.63           6.41     0.98    0.42     1.64 +1.1 +0.1
thr0.05_s0.75_slip0 600  1306   340   0.065         17.25           5.03     1.12    0.53     1.70 +1.3 +0.0
thr0.05_s0.75_slip3 150  1306   340   0.304         10.66           7.72     3.22    1.93     4.66 +3.4 +2.3
thr0.05_s0.75_slip3 300  1306   340   0.150         11.46           5.34     1.71    0.97     2.50 +1.8 +1.2
thr0.05_s0.75_slip3 450  1306   340   0.137         10.08           3.36     1.37    0.61     2.16 +1.6 -0.2
thr0.05_s0.75_slip3 600  1306   340   0.130          9.70           2.30     1.26    0.52     2.03 +1.5 -0.1
 thr0.05_s1.5_slip0 150   192   129   0.203         24.15          21.14     4.91    2.04     7.93 +4.1 +8.2
 thr0.05_s1.5_slip0 300   192   129   0.099         26.44          21.67     2.62    0.86     4.48 +2.7 +2.3
 thr0.05_s1.5_slip0 450   192   129   0.047         46.50          25.28     2.18    0.71     3.85 +2.5 +1.0
 thr0.05_s1.5_slip0 600   192   129   0.031         53.83          29.16     1.68    0.46     3.31 +1.8 +1.0
 thr0.05_s1.5_slip3 150   192   129   0.307         21.76          18.43     6.69    3.71     9.93 +6.2 +8.9
 thr0.05_s1.5_slip3 300   192   129   0.161         24.32          20.43     3.93    1.73     6.38 +3.9 +3.9
 thr0.05_s1.5_slip3 450   192   129   0.094         39.27          17.16     3.68    1.84     5.89 +4.3 +1.2
 thr0.05_s1.5_slip3 600   192   129   0.083         36.77          15.75     3.06    1.29     5.09 +3.5 +1.2
   thr0.05_s1_slip0 150   617   254   0.167         12.40          13.03     2.07    0.72     3.43 +1.9 +2.8
   thr0.05_s1_slip0 300   617   254   0.092         17.99          10.67     1.66    0.78     2.64 +1.9 +0.4
   thr0.05_s1_slip0 450   617   254   0.068         17.44           7.92     1.19    0.31     2.13 +1.4 -0.1
   thr0.05_s1_slip0 600   617   254   0.057         18.15           7.03     1.03    0.17     1.98 +1.3 -0.5
   thr0.05_s1_slip3 150   617   254   0.261         11.76          11.07     3.07    1.31     4.80 +3.0 +3.5
   thr0.05_s1_slip3 300   617   254   0.135         15.31           8.73     2.06    0.98     3.17 +2.4 +0.2
   thr0.05_s1_slip3 450   617   254   0.104         14.05           6.12     1.46    0.33     2.65 +1.9 -1.1
   thr0.05_s1_slip3 600   617   254   0.094         13.93           5.09     1.31    0.22     2.41 +1.6 -0.4
