/home/lab/data/2026-10-08: тиков 69491, сигналов 2960
            вариант   L  сигн  окон  исполн  цшейр_расчёт  цшейр_маркаут  цсигнал  ИИ_низ  ИИ_верх  дни
thr0.01_s0.75_slip0 150   289     6   0.308         -9.48           0.52    -1.51   -4.29    -0.06 -1.5
thr0.01_s0.75_slip0 300   289     6   0.211        -11.81          -0.98    -1.27   -3.11    -0.18 -1.3
thr0.01_s0.75_slip0 450   289     6   0.208         -6.68          -1.29    -0.72   -1.94    -0.13 -0.7
thr0.01_s0.75_slip0 600   289     6   0.211         -5.28          -1.72    -0.60   -2.04    -0.02 -0.6
thr0.01_s0.75_slip3 150   289     6   0.751         -1.91           0.57    -0.79   -4.31     1.69 -0.8
thr0.01_s0.75_slip3 300   289     6   0.574         -6.10          -0.55    -1.88   -5.22    -0.11 -1.9
thr0.01_s0.75_slip3 450   289     6   0.547         -5.10          -0.86    -1.52   -3.36    -0.22 -1.5
thr0.01_s0.75_slip3 600   289     6   0.533         -4.14          -1.10    -1.25   -4.37     0.73 -1.2
 thr0.01_s1.5_slip0 150   119     6   0.252          5.47           0.78     0.64   -3.39     3.95 +0.6
 thr0.01_s1.5_slip0 300   119     6   0.160        -10.70           0.14    -0.63   -3.00     0.64 -0.6
 thr0.01_s1.5_slip0 450   119     6   0.134         -2.34          -0.45    -0.10   -1.27     0.68 -0.1
 thr0.01_s1.5_slip0 600   119     6   0.134          0.72          -0.75     0.04   -0.80     0.69 +0.0
 thr0.01_s1.5_slip3 150   119     6   0.588          4.58           1.20     1.54   -4.44     6.76 +1.5
 thr0.01_s1.5_slip3 300   119     6   0.387         -5.27           0.18    -1.06   -7.15     2.43 -1.1
 thr0.01_s1.5_slip3 450   119     6   0.345         -5.62          -0.23    -0.99   -5.00     1.14 -1.0
 thr0.01_s1.5_slip3 600   119     6   0.345         -3.79          -1.28    -0.76   -6.63     2.59 -0.8
   thr0.01_s1_slip0 150   201     6   0.313         -7.52           0.25    -1.24   -4.97     1.19 -1.2
   thr0.01_s1_slip0 300   201     6   0.189        -14.29          -1.35    -1.42   -3.32     0.02 -1.4
   thr0.01_s1_slip0 450   201     6   0.174        -12.31          -1.62    -1.10   -2.41     0.14 -1.1
   thr0.01_s1_slip0 600   201     6   0.169        -10.24          -1.21    -0.92   -1.87     0.17 -0.9
   thr0.01_s1_slip3 150   201     6   0.687         -3.15           0.84    -1.29   -6.53     2.61 -1.3
   thr0.01_s1_slip3 300   201     6   0.478         -8.00          -0.28    -2.23   -6.91     0.72 -2.2
   thr0.01_s1_slip3 450   201     6   0.448         -7.49          -0.97    -1.98   -4.63     0.11 -2.0
   thr0.01_s1_slip3 600   201     6   0.453         -7.59          -1.12    -2.15   -6.34     0.00 -2.2
thr0.02_s0.75_slip0 150   200     6   0.310         -6.94           0.32    -1.15   -4.70     1.40 -1.1
thr0.02_s0.75_slip0 300   200     6   0.195        -13.43          -0.78    -1.34   -3.27     0.38 -1.3
thr0.02_s0.75_slip0 450   200     6   0.185         -7.58          -0.89    -0.72   -1.55     0.54 -0.7
thr0.02_s0.75_slip0 600   200     6   0.180         -5.62          -0.49    -0.53   -1.10     0.50 -0.5
thr0.02_s0.75_slip3 150   200     6   0.690         -2.01           0.91    -0.82   -6.09     3.33 -0.8
thr0.02_s0.75_slip3 300   200     6   0.480         -6.47          -0.11    -1.78   -6.57     1.31 -1.8
thr0.02_s0.75_slip3 450   200     6   0.440         -5.69          -0.85    -1.48   -4.09     0.32 -1.5
thr0.02_s0.75_slip3 600   200     6   0.445         -5.90          -1.01    -1.65   -5.54     0.54 -1.7
 thr0.02_s1.5_slip0 150    72     5   0.292          5.71           1.72     0.79   -5.43     5.35 +0.8
 thr0.02_s1.5_slip0 300    72     5   0.181        -18.14          -0.52    -1.01   -4.77     0.89 -1.0
 thr0.02_s1.5_slip0 450    72     5   0.139         -5.96           0.42    -0.25   -2.13     0.86 -0.2
 thr0.02_s1.5_slip0 600    72     5   0.125         -5.96           0.05    -0.25   -2.13     0.86 -0.2
 thr0.02_s1.5_slip3 150    72     5   0.444         16.62           2.92     4.15   -5.56    12.57 +4.2
 thr0.02_s1.5_slip3 300    72     5   0.278        -11.55           0.99    -1.28   -8.15     2.80 -1.3
 thr0.02_s1.5_slip3 450    72     5   0.222        -15.66           1.17    -1.30   -5.58     0.97 -1.3
 thr0.02_s1.5_slip3 600    72     5   0.264         -3.95           0.33    -0.49   -7.11     3.61 -0.5
   thr0.02_s1_slip0 150   140     6   0.271         -0.43           0.31    -0.06   -2.54     1.98 -0.1
   thr0.02_s1_slip0 300   140     6   0.179         -4.30          -0.52    -0.28   -1.20     0.26 -0.3
   thr0.02_s1_slip0 450   140     6   0.143          3.36          -1.47     0.17    0.00     0.28 +0.2
   thr0.02_s1_slip0 600   140     6   0.136          4.81          -0.77     0.27    0.00     0.58 +0.3
   thr0.02_s1_slip3 150   140     6   0.607          2.03           0.98     0.73   -4.47     5.19 +0.7
   thr0.02_s1_slip3 300   140     6   0.386         -2.90          -0.48    -0.60   -4.17     1.78 -0.6
   thr0.02_s1_slip3 450   140     6   0.357         -5.09          -0.85    -0.98   -3.94     0.65 -1.0
   thr0.02_s1_slip3 600   140     6   0.357         -3.68          -1.24    -0.79   -5.23     2.05 -0.8
thr0.03_s0.75_slip0 150   156     6   0.288         -9.27           0.88    -1.37   -3.64    -0.07 -1.4
thr0.03_s0.75_slip0 300   156     6   0.192        -17.66          -0.67    -1.58   -2.60    -0.07 -1.6
thr0.03_s0.75_slip0 450   156     6   0.167        -15.25          -1.15    -1.17   -2.09     0.00 -1.2
thr0.03_s0.75_slip0 600   156     6   0.167        -12.85          -0.27    -1.07   -2.09     0.00 -1.1
thr0.03_s0.75_slip3 150   156     6   0.628         -2.95           1.21    -1.10   -5.72     1.90 -1.1
thr0.03_s0.75_slip3 300   156     6   0.397        -10.27          -0.03    -2.24   -6.02    -0.14 -2.2
thr0.03_s0.75_slip3 450   156     6   0.359        -11.31          -0.45    -2.25   -4.93    -0.41 -2.2
thr0.03_s0.75_slip3 600   156     6   0.372         -9.49          -0.91    -2.07   -6.09    -0.14 -2.1
 thr0.03_s1.5_slip0 150    46     4   0.348         14.98           3.25     1.95   -8.18    10.22 +2.0
 thr0.03_s1.5_slip0 300    46     4   0.239          2.83           1.63     0.12   -4.05     3.12 +0.1
 thr0.03_s1.5_slip0 450    46     4   0.174         62.39           3.81     1.36    0.00     3.12 +1.4
 thr0.03_s1.5_slip0 600    46     4   0.109         62.39           3.82     1.36    0.00     3.12 +1.4
 thr0.03_s1.5_slip3 150    46     4   0.457         23.95           4.26     5.73   -9.09    19.53 +5.7
 thr0.03_s1.5_slip3 300    46     4   0.283          0.56           2.42     0.05   -8.32     5.93 +0.0
 thr0.03_s1.5_slip3 450    46     4   0.217          1.34           3.06     0.06   -4.26     3.12 +0.1
 thr0.03_s1.5_slip3 600    46     4   0.261          1.45           2.56     0.13   -6.22     4.64 +0.1
   thr0.03_s1_slip0 150    95     6   0.263          6.70           1.80     0.92   -4.54     4.78 +0.9
   thr0.03_s1_slip0 300    95     6   0.168        -10.02           0.30    -0.63   -4.06     0.96 -0.6
   thr0.03_s1_slip0 450    95     6   0.147         -1.30           1.54    -0.07   -1.78     0.90 -0.1
   thr0.03_s1_slip0 600    95     6   0.126          1.41           0.23     0.09   -1.17     0.89 +0.1
   thr0.03_s1_slip3 150    95     6   0.526          7.67           2.97     2.34   -4.92     8.01 +2.3
   thr0.03_s1_slip3 300    95     6   0.316         -5.66           2.18    -0.95   -7.26     2.43 -1.0
   thr0.03_s1_slip3 450    95     6   0.274         -6.40           1.77    -0.88   -4.20     0.71 -0.9
   thr0.03_s1_slip3 600    95     6   0.295         -3.15          -0.24    -0.56   -6.25     2.26 -0.6
thr0.05_s0.75_slip0 150    87     6   0.264          5.37           1.67     0.74   -5.08     4.31 +0.7
thr0.05_s0.75_slip0 300    87     6   0.172        -10.02          -0.08    -0.69   -4.55     1.01 -0.7
thr0.05_s0.75_slip0 450    87     6   0.149         -1.30           1.20    -0.07   -2.00     0.96 -0.1
thr0.05_s0.75_slip0 600    87     6   0.126         -1.51           0.30    -0.09   -2.01     0.91 -0.1
thr0.05_s0.75_slip3 150    87     6   0.494          7.16           1.92     2.06   -6.31     7.62 +2.1
thr0.05_s0.75_slip3 300    87     6   0.299         -8.36           1.41    -1.35   -8.27     1.98 -1.3
thr0.05_s0.75_slip3 450    87     6   0.241        -12.09           1.09    -1.39   -5.46     0.11 -1.4
thr0.05_s0.75_slip3 600    87     6   0.287         -6.79          -0.21    -1.09   -8.09     1.82 -1.1
 thr0.05_s1.5_slip0 150    23     3   0.304        -10.68          -1.07    -0.93  -11.35     2.95 -0.9
 thr0.05_s1.5_slip0 300    23     3   0.261        -56.73           0.71    -2.47  -11.35     0.00 -2.5
 thr0.05_s1.5_slip0 450    23     3   0.174           NaN           1.80     0.00    0.00     0.00 +0.0
 thr0.05_s1.5_slip0 600    23     3   0.130           NaN           1.48     0.00    0.00     0.00 +0.0
 thr0.05_s1.5_slip3 150    23     3   0.391         15.59          -0.31     2.71  -11.35     9.92 +2.7
 thr0.05_s1.5_slip3 300    23     3   0.261        -56.73           0.71    -2.47  -11.35     0.00 -2.5
 thr0.05_s1.5_slip3 450    23     3   0.217           NaN           1.87     0.00    0.00     0.00 +0.0
 thr0.05_s1.5_slip3 600    23     3   0.174         30.48           4.10     1.33    0.00     2.54 +1.3
   thr0.05_s1_slip0 150    52     4   0.327         21.61           3.22     2.91   -2.95     8.89 +2.9
   thr0.05_s1_slip0 300    52     4   0.192          2.83           1.36     0.11   -3.36     2.97 +0.1
   thr0.05_s1_slip0 450    52     4   0.154         62.39           3.81     1.20    0.00     2.71 +1.2
   thr0.05_s1_slip0 600    52     4   0.096         62.39           3.82     1.20    0.00     2.71 +1.2
   thr0.05_s1_slip3 150    52     4   0.423         27.07           4.20     6.25   -3.66    16.98 +6.2
   thr0.05_s1_slip3 300    52     4   0.250          0.56           2.16     0.04   -6.47     5.16 +0.0
   thr0.05_s1_slip3 450    52     4   0.192          1.34           3.11     0.05   -3.73     2.71 +0.1
   thr0.05_s1_slip3 600    52     4   0.231          1.45           2.81     0.11   -4.84     4.04 +0.1
