/home/lab/data/2026-10-08: тиков 48736, сигналов 2982
            вариант   L  сигн  окон  исполн  цшейр_расчёт  цшейр_маркаут  цсигнал  ИИ_низ  ИИ_верх  дни
thr0.01_s0.75_slip0 150   270     5   0.241          6.67           1.44     0.49   -0.97     2.94 +0.5
thr0.01_s0.75_slip0 300   270     5   0.167         26.42           0.77     1.27    0.07     3.97 +1.3
thr0.01_s0.75_slip0 450   270     5   0.167         25.45           0.45     1.32    0.22     3.79 +1.3
thr0.01_s0.75_slip0 600   270     5   0.174         25.80           0.07     1.34    0.18     3.79 +1.3
thr0.01_s0.75_slip3 150   270     5   0.707          6.27           1.63     1.79    0.35     4.59 +1.8
thr0.01_s0.75_slip3 300   270     5   0.515          8.94           0.00     1.75    0.33     5.02 +1.8
thr0.01_s0.75_slip3 450   270     5   0.481          5.43           0.28     0.95   -0.37     3.85 +0.9
thr0.01_s0.75_slip3 600   270     5   0.481          5.46           0.26     1.01    0.16     3.54 +1.0
 thr0.01_s1.5_slip0 150   121     5   0.174        -22.54           2.56    -0.75   -1.67     0.00 -0.7
 thr0.01_s1.5_slip0 300   121     5   0.116         15.12           1.68     0.25    0.00     0.56 +0.2
 thr0.01_s1.5_slip0 450   121     5   0.124         21.21           3.62     0.53    0.00     1.40 +0.5
 thr0.01_s1.5_slip0 600   121     5   0.140         11.14           3.22     0.37    0.00     0.77 +0.4
 thr0.01_s1.5_slip3 150   121     5   0.545         -4.74           3.43    -0.98   -4.70     0.27 -1.0
 thr0.01_s1.5_slip3 300   121     5   0.339         -0.20           2.03    -0.02   -1.04     1.15 -0.0
 thr0.01_s1.5_slip3 450   121     5   0.298         -9.70           1.58    -0.96   -3.19     0.61 -1.0
 thr0.01_s1.5_slip3 600   121     5   0.314         -6.02           1.10    -0.70   -1.99     0.08 -0.7
   thr0.01_s1_slip0 150   203     5   0.207         -5.75           0.41    -0.31   -1.37     0.64 -0.3
   thr0.01_s1_slip0 300   203     5   0.133         24.54           0.23     0.73    0.09     1.95 +0.7
   thr0.01_s1_slip0 450   203     5   0.148         26.05           0.21     1.03    0.00     2.61 +1.0
   thr0.01_s1_slip0 600   203     5   0.158         26.66           0.75     1.05    0.00     2.70 +1.1
   thr0.01_s1_slip3 150   203     5   0.665          1.96           1.34     0.59    0.02     1.45 +0.6
   thr0.01_s1_slip3 300   203     5   0.458          3.77          -0.39     0.74    0.00     2.37 +0.7
   thr0.01_s1_slip3 450   203     5   0.414          1.95          -0.45     0.32   -0.51     1.68 +0.3
   thr0.01_s1_slip3 600   203     5   0.433          0.89          -0.45     0.16   -0.41     0.54 +0.2
thr0.02_s0.75_slip0 150   197     5   0.203         -9.42           1.08    -0.53   -2.03     0.74 -0.5
thr0.02_s0.75_slip0 300   197     5   0.132         24.54           0.71     0.75    0.10     1.96 +0.7
thr0.02_s0.75_slip0 450   197     5   0.147         26.05           0.64     1.06    0.00     2.53 +1.1
thr0.02_s0.75_slip0 600   197     5   0.157         26.66           1.87     1.08    0.00     2.64 +1.1
thr0.02_s0.75_slip3 150   197     5   0.655          2.24           1.56     0.68    0.08     1.57 +0.7
thr0.02_s0.75_slip3 300   197     5   0.452          4.22          -0.03     0.84    0.00     2.67 +0.8
thr0.02_s0.75_slip3 450   197     5   0.411          0.89           0.05     0.15   -1.13     1.95 +0.1
thr0.02_s0.75_slip3 600   197     5   0.426          1.30          -0.03     0.24   -0.07     0.62 +0.2
 thr0.02_s1.5_slip0 150    73     5   0.219        -16.52           4.47    -0.45   -2.91     0.83 -0.5
 thr0.02_s1.5_slip0 300    73     5   0.164         23.69           3.31     0.32    0.00     0.83 +0.3
 thr0.02_s1.5_slip0 450    73     5   0.151         23.69           5.13     0.32    0.00     0.86 +0.3
 thr0.02_s1.5_slip0 600    73     5   0.123         23.69           4.34     0.32    0.00     0.86 +0.3
 thr0.02_s1.5_slip3 150    73     5   0.411        -12.22           5.93    -1.34   -8.94     2.71 -1.3
 thr0.02_s1.5_slip3 300    73     5   0.247          2.41           4.88     0.10   -0.92     1.00 +0.1
 thr0.02_s1.5_slip3 450    73     5   0.219         13.71           4.25     0.38    0.00     1.00 +0.4
 thr0.02_s1.5_slip3 600    73     5   0.219         27.57           2.93     1.13    0.00     2.92 +1.1
   thr0.02_s1_slip0 150   145     5   0.193        -22.25           2.97    -0.77   -1.95     0.00 -0.8
   thr0.02_s1_slip0 300   145     5   0.124         15.12           3.14     0.21    0.00     0.47 +0.2
   thr0.02_s1_slip0 450   145     5   0.138         19.91           4.08     0.55    0.00     1.42 +0.5
   thr0.02_s1_slip0 600   145     5   0.145         20.64           4.26     0.57    0.00     1.49 +0.6
   thr0.02_s1_slip3 150   145     5   0.552         -4.53           2.78    -0.97   -2.93    -0.07 -1.0
   thr0.02_s1_slip3 300   145     5   0.331         -2.80           1.40    -0.33   -0.92    -0.01 -0.3
   thr0.02_s1_slip3 450   145     5   0.290        -11.30           1.95    -1.09   -2.75    -0.08 -1.1
   thr0.02_s1_slip3 600   145     5   0.303         -7.89           2.02    -0.87   -1.81    -0.08 -0.9
thr0.03_s0.75_slip0 150   158     5   0.190         -8.49           1.88    -0.32   -0.74     0.00 -0.3
thr0.03_s0.75_slip0 300   158     5   0.127         30.19           2.76     0.57    0.00     1.42 +0.6
thr0.03_s0.75_slip0 450   158     5   0.146         28.00           2.90     0.89    0.00     2.47 +0.9
thr0.03_s0.75_slip0 600   158     5   0.152         28.58           3.09     0.90    0.00     2.54 +0.9
thr0.03_s0.75_slip3 150   158     5   0.563         -2.34           2.02    -0.56   -2.41     0.30 -0.6
thr0.03_s0.75_slip3 300   158     5   0.354          1.50           0.51     0.22   -0.39     0.77 +0.2
thr0.03_s0.75_slip3 450   158     5   0.316         -1.97           1.09    -0.24   -1.86     1.08 -0.2
thr0.03_s0.75_slip3 600   158     5   0.348         -3.25           1.17    -0.47   -1.86     0.03 -0.5
 thr0.03_s1.5_slip0 150    50     4   0.240        -56.73           4.13    -1.13   -4.36     0.00 -1.1
 thr0.03_s1.5_slip0 300    50     4   0.160           NaN           2.04     0.00    0.00     0.00 +0.0
 thr0.03_s1.5_slip0 450    50     4   0.160           NaN           3.85     0.00    0.00     0.00 +0.0
 thr0.03_s1.5_slip0 600    50     4   0.120           NaN           2.61     0.00    0.00     0.00 +0.0
 thr0.03_s1.5_slip3 150    50     4   0.340        -10.19           3.74    -0.61   -5.91     2.43 -0.6
 thr0.03_s1.5_slip3 300    50     4   0.200           NaN           1.48     0.00    0.00     0.00 +0.0
 thr0.03_s1.5_slip3 450    50     4   0.200           NaN           3.23     0.00    0.00     0.00 +0.0
 thr0.03_s1.5_slip3 600    50     4   0.200         55.28           1.57     1.11    0.00     2.91 +1.1
   thr0.03_s1_slip0 150   104     5   0.154        -16.52           4.25    -0.32   -2.18     0.56 -0.3
   thr0.03_s1_slip0 300   104     5   0.115         23.69           2.81     0.23    0.00     0.56 +0.2
   thr0.03_s1_slip0 450   104     5   0.125         28.55           4.13     0.55    0.00     1.32 +0.5
   thr0.03_s1_slip0 600   104     5   0.125         29.04           4.23     0.56    0.00     1.32 +0.6
   thr0.03_s1_slip3 150   104     5   0.452        -15.42           4.75    -2.67   -7.76    -0.16 -2.7
   thr0.03_s1_slip3 300   104     5   0.250        -18.76           4.07    -1.62   -3.99    -0.02 -1.6
   thr0.03_s1_slip3 450   104     5   0.240        -23.47           3.99    -1.81   -4.01    -0.13 -1.8
   thr0.03_s1_slip3 600   104     5   0.250        -15.88           3.31    -1.53   -2.83    -0.13 -1.5
thr0.05_s0.75_slip0 150    93     5   0.172        -16.52           4.22    -0.36   -2.41     0.61 -0.4
thr0.05_s0.75_slip0 300    93     5   0.129         23.69           2.81     0.25    0.00     0.63 +0.3
thr0.05_s0.75_slip0 450    93     5   0.129         23.69           4.81     0.25    0.00     0.63 +0.3
thr0.05_s0.75_slip0 600    93     5   0.118         23.69           4.75     0.25    0.00     0.63 +0.3
thr0.05_s0.75_slip3 150    93     5   0.473        -21.14           4.45    -3.64  -10.17    -0.22 -3.6
thr0.05_s0.75_slip3 300    93     5   0.269        -22.42           3.83    -1.93   -3.88    -0.20 -1.9
thr0.05_s0.75_slip3 450    93     5   0.258        -28.33           3.80    -2.13   -3.95    -0.20 -2.1
thr0.05_s0.75_slip3 600    93     5   0.247        -18.92           2.77    -1.83   -4.00    -0.20 -1.8
 thr0.05_s1.5_slip0 150    23     4   0.348        -56.73           5.52    -2.47  -11.35     0.00 -2.5
 thr0.05_s1.5_slip0 300    23     4   0.217           NaN           0.41     0.00    0.00     0.00 +0.0
 thr0.05_s1.5_slip0 450    23     4   0.174           NaN           2.58     0.00    0.00     0.00 +0.0
 thr0.05_s1.5_slip0 600    23     4   0.130           NaN           1.50     0.00    0.00     0.00 +0.0
 thr0.05_s1.5_slip3 150    23     4   0.435        -10.19           7.13    -1.33  -15.36     4.63 -1.3
 thr0.05_s1.5_slip3 300    23     4   0.261           NaN           2.14     0.00    0.00     0.00 +0.0
 thr0.05_s1.5_slip3 450    23     4   0.261           NaN           3.88     0.00    0.00     0.00 +0.0
 thr0.05_s1.5_slip3 600    23     4   0.261         55.28           1.32     2.40    0.00     5.53 +2.4
   thr0.05_s1_slip0 150    54     4   0.204        -56.73           4.06    -1.05   -4.36     0.00 -1.1
   thr0.05_s1_slip0 300    54     4   0.130           NaN           1.13     0.00    0.00     0.00 +0.0
   thr0.05_s1_slip0 450    54     4   0.130           NaN           3.64     0.00    0.00     0.00 +0.0
   thr0.05_s1_slip0 600    54     4   0.111           NaN           2.69     0.00    0.00     0.00 +0.0
   thr0.05_s1_slip3 150    54     4   0.352        -10.19           4.39    -0.57   -6.58     2.01 -0.6
   thr0.05_s1_slip3 300    54     4   0.204           NaN           1.73     0.00    0.00     0.00 +0.0
   thr0.05_s1_slip3 450    54     4   0.185           NaN           3.66     0.00    0.00     0.00 +0.0
   thr0.05_s1_slip3 600    54     4   0.204         55.28           2.44     1.02    0.00     2.40 +1.0
