/home/lab/data/2026-10-08: тиков 9737, сигналов 3382
            вариант   L  сигн  окон  исполн  цшейр_расчёт  цшейр_маркаут  цсигнал  ИИ_низ  ИИ_верх  дни
thr0.01_s0.75_slip0 150   323     6   0.471         -9.49          -0.87    -2.56   -5.74     0.23 -2.6
thr0.01_s0.75_slip0 300   323     6   0.378         -3.95          -2.27    -0.87   -2.68     0.23 -0.9
thr0.01_s0.75_slip0 450   323     6   0.359         -3.32          -2.11    -0.72   -2.04     0.23 -0.7
thr0.01_s0.75_slip0 600   323     6   0.344         -5.03          -2.02    -0.95   -2.51     0.33 -0.9
thr0.01_s0.75_slip3 150   323     6   0.793         -3.59          -0.14    -1.44   -3.51     0.41 -1.4
thr0.01_s0.75_slip3 300   323     6   0.697         -0.79          -1.02    -0.27   -1.17     0.62 -0.3
thr0.01_s0.75_slip3 450   323     6   0.666         -2.89          -0.86    -0.95   -2.45     0.31 -0.9
thr0.01_s0.75_slip3 600   323     6   0.632         -3.06          -1.13    -0.98   -2.27     0.31 -1.0
 thr0.01_s1.5_slip0 150   134     6   0.396        -19.37           0.73    -4.34   -8.43    -0.04 -4.3
 thr0.01_s1.5_slip0 300   134     6   0.299         -8.83          -0.36    -1.52   -3.48    -0.04 -1.5
 thr0.01_s1.5_slip0 450   134     6   0.306         -9.03           0.17    -1.69   -3.31    -0.05 -1.7
 thr0.01_s1.5_slip0 600   134     6   0.269         -8.95          -0.37    -1.27   -2.82    -0.05 -1.3
 thr0.01_s1.5_slip3 150   134     6   0.687        -12.77           0.69    -4.67   -9.57     0.78 -4.7
 thr0.01_s1.5_slip3 300   134     6   0.537         -6.34          -0.31    -1.66   -3.78     0.25 -1.7
 thr0.01_s1.5_slip3 450   134     6   0.522         -9.27           0.63    -2.42   -4.94     0.25 -2.4
 thr0.01_s1.5_slip3 600   134     6   0.500         -7.45           0.44    -1.89   -3.82     0.19 -1.9
   thr0.01_s1_slip0 150   241     6   0.448         -7.63          -0.96    -2.12   -4.40     0.34 -2.1
   thr0.01_s1_slip0 300   241     6   0.357         -2.29          -2.72    -0.51   -2.36     0.48 -0.5
   thr0.01_s1_slip0 450   241     6   0.332         -1.45          -2.11    -0.32   -1.15     0.34 -0.3
   thr0.01_s1_slip0 600   241     6   0.311         -2.90          -2.83    -0.54   -1.30     0.29 -0.5
   thr0.01_s1_slip3 150   241     6   0.776         -5.07          -0.31    -2.06   -4.29     0.24 -2.1
   thr0.01_s1_slip3 300   241     6   0.656         -1.73          -1.51    -0.60   -1.27    -0.02 -0.6
   thr0.01_s1_slip3 450   241     6   0.631         -3.27          -1.15    -1.10   -2.46    -0.03 -1.1
   thr0.01_s1_slip3 600   241     6   0.606         -2.86          -1.53    -0.94   -2.31    -0.03 -0.9
thr0.02_s0.75_slip0 150   243     6   0.436         -7.92          -0.93    -2.12   -4.34     0.23 -2.1
thr0.02_s0.75_slip0 300   243     6   0.346         -2.45          -2.73    -0.52   -2.11     0.35 -0.5
thr0.02_s0.75_slip0 450   243     6   0.321         -1.59          -2.10    -0.33   -1.17     0.32 -0.3
thr0.02_s0.75_slip0 600   243     6   0.300         -3.15          -2.85    -0.56   -1.28     0.23 -0.6
thr0.02_s0.75_slip3 150   243     6   0.770         -4.42          -0.27    -1.76   -3.78     0.56 -1.8
thr0.02_s0.75_slip3 300   243     6   0.646         -0.90          -1.46    -0.30   -1.05     0.48 -0.3
thr0.02_s0.75_slip3 450   243     6   0.626         -2.44          -1.07    -0.80   -1.73     0.19 -0.8
thr0.02_s0.75_slip3 600   243     6   0.601         -2.02          -1.46    -0.65   -1.39     0.22 -0.6
 thr0.02_s1.5_slip0 150    86     5   0.407        -17.75           4.05    -4.33   -8.25     0.00 -4.3
 thr0.02_s1.5_slip0 300    86     5   0.349         -8.70           1.72    -1.62   -4.27     0.00 -1.6
 thr0.02_s1.5_slip0 450    86     5   0.302         -5.29           1.84    -0.92   -1.68     0.00 -0.9
 thr0.02_s1.5_slip0 600    86     5   0.244         -4.44           0.54    -0.57   -1.11     0.00 -0.6
 thr0.02_s1.5_slip3 150    86     5   0.674        -10.82           2.82    -4.28   -8.57     0.43 -4.3
 thr0.02_s1.5_slip3 300    86     5   0.535         -3.69           1.06    -1.07   -4.96     0.50 -1.1
 thr0.02_s1.5_slip3 450    86     5   0.500         -5.68           1.64    -1.52   -3.62     0.43 -1.5
 thr0.02_s1.5_slip3 600    86     5   0.477         -2.89           0.76    -0.74   -3.48     0.43 -0.7
   thr0.02_s1_slip0 150   154     6   0.370        -16.82          -0.35    -3.82   -9.28    -0.07 -3.8
   thr0.02_s1_slip0 300   154     6   0.279         -6.90          -0.70    -1.17   -3.15     0.06 -1.2
   thr0.02_s1_slip0 450   154     6   0.292         -7.15           0.28    -1.30   -3.72     0.45 -1.3
   thr0.02_s1_slip0 600   154     6   0.253         -9.50          -0.08    -1.30   -3.87     0.40 -1.3
   thr0.02_s1_slip3 150   154     6   0.682         -9.97           0.62    -3.82   -9.47     0.35 -3.8
   thr0.02_s1_slip3 300   154     6   0.513         -4.90          -0.27    -1.34   -3.94     0.60 -1.3
   thr0.02_s1_slip3 450   154     6   0.500         -7.29           0.77    -1.99   -5.79     0.83 -2.0
   thr0.02_s1_slip3 600   154     6   0.487         -5.71           0.75    -1.52   -4.84     0.90 -1.5
thr0.03_s0.75_slip0 150   167     6   0.389        -12.98           0.81    -3.03   -6.03    -0.07 -3.0
thr0.03_s0.75_slip0 300   167     6   0.305         -3.87          -0.93    -0.72   -1.56    -0.07 -0.7
thr0.03_s0.75_slip0 450   167     6   0.305         -2.74          -0.42    -0.53   -1.14    -0.06 -0.5
thr0.03_s0.75_slip0 600   167     6   0.263         -6.06          -0.84    -0.87   -1.90    -0.08 -0.9
thr0.03_s0.75_slip3 150   167     6   0.695         -7.65           1.18    -2.88   -5.84     0.22 -2.9
thr0.03_s0.75_slip3 300   167     6   0.545         -4.60          -0.14    -1.32   -2.65    -0.14 -1.3
thr0.03_s0.75_slip3 450   167     6   0.521         -5.08           0.52    -1.40   -3.00    -0.14 -1.4
thr0.03_s0.75_slip3 600   167     6   0.509         -3.68           0.21    -0.99   -2.02    -0.14 -1.0
 thr0.03_s1.5_slip0 150    54     4   0.370        -23.11           6.26    -5.56  -12.22     0.00 -5.6
 thr0.03_s1.5_slip0 300    54     4   0.296        -15.91           3.90    -2.65   -5.78     0.00 -2.7
 thr0.03_s1.5_slip0 450    54     4   0.259        -10.80           5.00    -1.60   -3.32     0.00 -1.6
 thr0.03_s1.5_slip0 600    54     4   0.185        -14.76           3.71    -1.09   -2.27     0.00 -1.1
 thr0.03_s1.5_slip3 150    54     4   0.630        -22.29           4.09    -8.26  -18.53     0.00 -8.3
 thr0.03_s1.5_slip3 300    54     4   0.463        -13.28           3.66    -3.20   -7.87     0.00 -3.2
 thr0.03_s1.5_slip3 450    54     4   0.444        -12.12           4.00    -2.69   -5.88     0.00 -2.7
 thr0.03_s1.5_slip3 600    54     4   0.426         -7.41           2.77    -1.51   -5.64     0.00 -1.5
   thr0.03_s1_slip0 150   106     6   0.396        -17.47           3.64    -3.63   -6.90    -0.17 -3.6
   thr0.03_s1_slip0 300   106     6   0.302         -8.87           1.79    -1.42   -3.92    -0.12 -1.4
   thr0.03_s1_slip0 450   106     6   0.274         -5.69           2.37    -0.86   -1.94    -0.12 -0.9
   thr0.03_s1_slip0 600   106     6   0.236         -5.04           1.52    -0.57   -1.52    -0.12 -0.6
   thr0.03_s1_slip3 150   106     6   0.679        -12.78           2.36    -4.70  -10.30     0.12 -4.7
   thr0.03_s1_slip3 300   106     6   0.528         -7.80           0.38    -2.06   -6.68     0.07 -2.1
   thr0.03_s1_slip3 450   106     6   0.491         -9.87           1.48    -2.42   -5.74     0.05 -2.4
   thr0.03_s1_slip3 600   106     6   0.462         -7.62           0.99    -1.80   -5.53     0.12 -1.8
thr0.05_s0.75_slip0 150   100     5   0.390        -17.47           3.94    -3.84   -7.03    -0.13 -3.8
thr0.05_s0.75_slip0 300   100     5   0.310         -8.87           2.31    -1.51   -4.01    -0.13 -1.5
thr0.05_s0.75_slip0 450   100     5   0.280         -5.69           2.96    -0.91   -1.97    -0.12 -0.9
thr0.05_s0.75_slip0 600   100     5   0.240         -5.04           2.13    -0.61   -1.41    -0.13 -0.6
thr0.05_s0.75_slip3 150   100     5   0.660        -13.36           2.63    -5.08  -10.50    -0.16 -5.1
thr0.05_s0.75_slip3 300   100     5   0.510         -8.43           1.11    -2.28   -7.53    -0.20 -2.3
thr0.05_s0.75_slip3 450   100     5   0.470        -10.64           2.39    -2.66   -6.13    -0.21 -2.7
thr0.05_s0.75_slip3 600   100     5   0.450         -8.33           1.77    -2.00   -6.01    -0.20 -2.0
 thr0.05_s1.5_slip0 150    21     4   0.524        -24.81           9.69    -5.91  -12.00     0.00 -5.9
 thr0.05_s1.5_slip0 300    21     4   0.381         -4.21           5.40    -0.40   -0.81     0.00 -0.4
 thr0.05_s1.5_slip0 450    21     4   0.333         -4.21           5.93    -0.40   -0.81     0.00 -0.4
 thr0.05_s1.5_slip0 600    21     4   0.238         38.32           3.24     1.82    0.00     3.71 +1.8
 thr0.05_s1.5_slip3 150    21     4   0.619        -16.72           9.61    -4.78   -9.71     0.00 -4.8
 thr0.05_s1.5_slip3 300    21     4   0.476          5.09           5.88     0.73    0.00     1.48 +0.7
 thr0.05_s1.5_slip3 450    21     4   0.476          5.09           5.81     0.73    0.00     1.48 +0.7
 thr0.05_s1.5_slip3 600    21     4   0.429          4.76           5.20     0.68    0.00     1.38 +0.7
   thr0.05_s1_slip0 150    62     4   0.371        -25.84           5.99    -6.25  -15.02     0.00 -6.3
   thr0.05_s1_slip0 300    62     4   0.323        -20.94           4.11    -3.71  -11.52     0.00 -3.7
   thr0.05_s1_slip0 450    62     4   0.306        -17.05           4.95    -2.75   -5.80     0.00 -2.7
   thr0.05_s1_slip0 600    62     4   0.226        -23.86           3.90    -2.31   -5.24     0.00 -2.3
   thr0.05_s1_slip3 150    62     4   0.661        -21.21           4.01    -8.21  -20.45     0.00 -8.2
   thr0.05_s1_slip3 300    62     4   0.500        -11.95           3.04    -3.08  -11.78     0.00 -3.1
   thr0.05_s1_slip3 450    62     4   0.452        -16.40           4.18    -3.70  -12.90     0.00 -3.7
   thr0.05_s1_slip3 600    62     4   0.419        -12.74           3.08    -2.67   -9.77     0.00 -2.7
