/home/lab/data/2026-10-08: тиков 1149337, сигналов 55528
/home/lab/data/2026-10-09: тиков 34273, сигналов 4874
            вариант   L  сигн  окон  исполн  цшейр_расчёт  цшейр_маркаут  цсигнал  ИИ_низ  ИИ_верх       дни
thr0.01_s0.75_slip0 150  6184   150   0.243         -0.89           0.30    -0.21   -0.77     0.31 -0.2 -0.5
thr0.01_s0.75_slip0 300  6184   150   0.179         -0.68          -0.48    -0.12   -0.58     0.36 -0.1 -0.3
thr0.01_s0.75_slip0 450  6184   150   0.175         -1.81          -1.00    -0.31   -0.80     0.21 -0.3 -0.7
thr0.01_s0.75_slip0 600  6184   150   0.180         -2.37          -1.31    -0.43   -0.93     0.09 -0.4 -0.9
thr0.01_s0.75_slip3 150  6184   150   0.748         -0.91          -0.28    -0.68   -1.51     0.21 -0.6 -1.2
thr0.01_s0.75_slip3 300  6184   150   0.600         -1.98          -1.23    -1.18   -1.91    -0.35 -1.1 -1.7
thr0.01_s0.75_slip3 450  6184   150   0.576         -2.30          -1.51    -1.31   -2.13    -0.55 -1.3 -2.0
thr0.01_s0.75_slip3 600  6184   150   0.569         -2.29          -1.56    -1.29   -2.22    -0.45 -1.3 -1.9
 thr0.01_s1.5_slip0 150  2469   150   0.170          1.18           2.95     0.20   -0.68     1.07 +0.3 -1.2
 thr0.01_s1.5_slip0 300  2469   150   0.115          2.73           2.21     0.31   -0.47     1.15 +0.5 -1.4
 thr0.01_s1.5_slip0 450  2469   150   0.107          1.91           1.92     0.20   -0.55     1.09 +0.4 -1.7
 thr0.01_s1.5_slip0 600  2469   150   0.112          0.17           1.22     0.02   -0.77     0.97 +0.2 -1.8
 thr0.01_s1.5_slip3 150  2469   150   0.533         -0.25           1.15    -0.13   -1.74     1.58 -0.1 -0.3
 thr0.01_s1.5_slip3 300  2469   150   0.376         -0.73          -0.34    -0.27   -1.60     1.00 -0.1 -2.3
 thr0.01_s1.5_slip3 450  2469   150   0.358         -1.60          -0.95    -0.56   -1.83     0.65 -0.4 -1.8
 thr0.01_s1.5_slip3 600  2469   150   0.359         -1.82          -1.00    -0.64   -2.02     0.67 -0.6 -1.3
   thr0.01_s1_slip0 150  4426   150   0.202         -2.54           1.15    -0.51   -1.08     0.06 -0.5 -0.5
   thr0.01_s1_slip0 300  4426   150   0.142         -1.61           0.53    -0.23   -0.76     0.31 -0.2 -0.5
   thr0.01_s1_slip0 450  4426   150   0.141         -2.53           0.19    -0.35   -0.93     0.23 -0.3 -1.0
   thr0.01_s1_slip0 600  4426   150   0.147         -2.58          -0.21    -0.38   -0.95     0.19 -0.3 -1.1
   thr0.01_s1_slip3 150  4426   150   0.666         -1.66           0.06    -1.10   -2.14     0.00 -1.2 -0.2
   thr0.01_s1_slip3 300  4426   150   0.507         -2.61          -0.99    -1.31   -2.17    -0.50 -1.3 -0.8
   thr0.01_s1_slip3 450  4426   150   0.488         -2.88          -1.35    -1.39   -2.30    -0.55 -1.4 -1.3
   thr0.01_s1_slip3 600  4426   150   0.483         -2.66          -1.43    -1.27   -2.25    -0.31 -1.3 -1.2
thr0.02_s0.75_slip0 150  4272   150   0.192         -1.63           1.35    -0.31   -1.00     0.54 -0.3 -0.4
thr0.02_s0.75_slip0 300  4272   150   0.132          0.25           0.76     0.03   -0.62     0.80 +0.1 -0.5
thr0.02_s0.75_slip0 450  4272   150   0.130         -1.14           0.38    -0.15   -0.81     0.66 -0.1 -0.9
thr0.02_s0.75_slip0 600  4272   150   0.138         -1.07           0.02    -0.15   -0.92     0.71 -0.1 -1.1
thr0.02_s0.75_slip3 150  4272   150   0.655         -1.32           0.14    -0.86   -2.02     0.40 -0.9 -0.2
thr0.02_s0.75_slip3 300  4272   150   0.490         -2.23          -0.93    -1.08   -2.12    -0.06 -1.1 -0.9
thr0.02_s0.75_slip3 450  4272   150   0.471         -2.59          -1.32    -1.21   -2.18    -0.07 -1.2 -1.4
thr0.02_s0.75_slip3 600  4272   150   0.466         -2.33          -1.41    -1.07   -2.19     0.10 -1.1 -1.3
 thr0.02_s1.5_slip0 150  1348   142   0.171          1.54           4.46     0.26   -0.67     1.24 +0.3 -0.3
 thr0.02_s1.5_slip0 300  1348   142   0.111          0.69           4.43     0.08   -0.63     0.79 +0.2 -1.3
 thr0.02_s1.5_slip0 450  1348   142   0.102          0.49           3.65     0.05   -0.55     0.64 +0.2 -1.1
 thr0.02_s1.5_slip0 600  1348   142   0.096         -0.35           2.38    -0.03   -0.70     0.62 +0.1 -1.0
 thr0.02_s1.5_slip3 150  1348   142   0.414         -0.94           2.38    -0.38   -1.95     1.09 -0.6 +1.4
 thr0.02_s1.5_slip3 300  1348   142   0.266         -1.31           0.79    -0.34   -1.19     0.61 -0.3 -0.8
 thr0.02_s1.5_slip3 450  1348   142   0.251         -3.34          -0.01    -0.82   -1.73     0.15 -0.8 -0.8
 thr0.02_s1.5_slip3 600  1348   142   0.251         -3.22          -0.60    -0.79   -1.71     0.12 -0.9 +0.0
   thr0.02_s1_slip0 150  2858   150   0.173          1.03           2.75     0.17   -0.66     1.01 +0.2 -0.6
   thr0.02_s1_slip0 300  2858   150   0.117          2.45           1.83     0.28   -0.42     1.09 +0.4 -0.5
   thr0.02_s1_slip0 450  2858   150   0.111          1.39           1.34     0.15   -0.53     0.91 +0.3 -1.3
   thr0.02_s1_slip0 600  2858   150   0.118          0.05           0.81     0.01   -0.74     0.86 +0.2 -1.7
   thr0.02_s1_slip3 150  2858   150   0.556         -0.42           0.78    -0.23   -1.67     1.39 -0.2 -0.2
   thr0.02_s1_slip3 300  2858   150   0.393         -1.17          -0.56    -0.45   -1.66     0.75 -0.3 -1.7
   thr0.02_s1_slip3 450  2858   150   0.373         -1.81          -1.08    -0.67   -1.94     0.64 -0.6 -1.5
   thr0.02_s1_slip3 600  2858   150   0.373         -1.97          -1.08    -0.72   -2.02     0.54 -0.7 -1.3
thr0.03_s0.75_slip0 150  3093   150   0.177          0.71           2.30     0.12   -0.69     1.03 +0.2 -0.3
thr0.03_s0.75_slip0 300  3093   150   0.120          3.22           1.38     0.38   -0.43     1.21 +0.4 -0.4
thr0.03_s0.75_slip0 450  3093   150   0.114          1.00           0.94     0.11   -0.56     0.90 +0.2 -1.1
thr0.03_s0.75_slip0 600  3093   150   0.120          0.95           0.42     0.11   -0.70     1.05 +0.3 -1.5
thr0.03_s0.75_slip3 150  3093   150   0.569         -0.46           0.58    -0.26   -1.75     1.37 -0.4 +0.7
thr0.03_s0.75_slip3 300  3093   150   0.401         -1.41          -0.73    -0.56   -1.80     0.72 -0.5 -1.0
thr0.03_s0.75_slip3 450  3093   150   0.381         -1.97          -1.26    -0.74   -2.04     0.58 -0.7 -1.0
thr0.03_s0.75_slip3 600  3093   150   0.382         -1.72          -1.25    -0.65   -2.00     0.81 -0.6 -0.6
 thr0.03_s1.5_slip0 150   797   130   0.159          2.25           7.18     0.36   -0.80     1.56 +0.7 -2.3
 thr0.03_s1.5_slip0 300   797   130   0.105         -0.64           7.17    -0.07   -0.90     0.85 +0.1 -1.5
 thr0.03_s1.5_slip0 450   797   130   0.087          0.50           6.90     0.04   -0.83     0.94 +0.3 -1.7
 thr0.03_s1.5_slip0 600   797   130   0.073         -2.68           5.24    -0.19   -1.17     0.77 -0.1 -1.3
 thr0.03_s1.5_slip3 150   797   130   0.330         -1.02           4.05    -0.33   -1.81     1.16 -0.3 -0.9
 thr0.03_s1.5_slip3 300   797   130   0.194         -3.60           2.53    -0.69   -1.92     0.57 -0.6 -1.1
 thr0.03_s1.5_slip3 450   797   130   0.181         -4.77           1.14    -0.86   -1.98     0.37 -0.9 -0.2
 thr0.03_s1.5_slip3 600   797   130   0.182         -4.36           0.05    -0.78   -1.84     0.23 -0.8 -0.2
   thr0.03_s1_slip0 150  1887   147   0.170          0.58           3.43     0.10   -0.83     1.06 +0.3 -1.6
   thr0.03_s1_slip0 300  1887   147   0.113          1.86           2.82     0.21   -0.61     1.06 +0.4 -1.7
   thr0.03_s1_slip0 450  1887   147   0.103          1.16           2.25     0.12   -0.57     0.91 +0.3 -1.8
   thr0.03_s1_slip0 600  1887   147   0.103         -0.23           1.40    -0.02   -0.74     0.72 +0.2 -2.1
   thr0.03_s1_slip3 150  1887   147   0.462         -0.73           1.68    -0.33   -1.84     1.20 -0.4 -0.1
   thr0.03_s1_slip3 300  1887   147   0.304         -0.69          -0.05    -0.20   -1.32     0.97 +0.0 -2.3
   thr0.03_s1_slip3 450  1887   147   0.288         -2.26          -0.73    -0.64   -1.72     0.52 -0.5 -1.8
   thr0.03_s1_slip3 600  1887   147   0.292         -1.80          -1.01    -0.51   -1.72     0.74 -0.4 -1.3
thr0.05_s0.75_slip0 150  1646   145   0.170          0.23           3.98     0.04   -0.90     1.13 +0.2 -1.2
thr0.05_s0.75_slip0 300  1646   145   0.111          0.85           3.51     0.09   -0.66     1.00 +0.3 -1.7
thr0.05_s0.75_slip0 450  1646   145   0.100          0.04           3.05     0.00   -0.72     0.84 +0.2 -1.5
thr0.05_s0.75_slip0 600  1646   145   0.100         -0.03           2.20    -0.00   -0.73     0.76 +0.2 -1.9
thr0.05_s0.75_slip3 150  1646   145   0.434         -1.15           2.09    -0.49   -2.07     1.16 -0.5 +0.1
thr0.05_s0.75_slip3 300  1646   145   0.275         -1.36           0.43    -0.36   -1.57     0.98 -0.2 -1.6
thr0.05_s0.75_slip3 450  1646   145   0.261         -3.51          -0.27    -0.89   -2.06     0.31 -0.8 -1.5
thr0.05_s0.75_slip3 600  1646   145   0.269         -2.64          -0.57    -0.69   -1.97     0.51 -0.6 -1.2
 thr0.05_s1.5_slip0 150   328   102   0.201          1.41           9.05     0.28   -1.68     2.23 +0.7 -3.4
 thr0.05_s1.5_slip0 300   328   102   0.116         -1.63           9.50    -0.19   -1.75     1.34 -0.1 -0.7
 thr0.05_s1.5_slip0 450   328   102   0.085         -4.21           8.27    -0.36   -1.70     0.95 -0.2 -1.4
 thr0.05_s1.5_slip0 600   328   102   0.058          2.35           7.77     0.14   -0.85     1.16 +0.2 +0.0
 thr0.05_s1.5_slip3 150   328   102   0.311         -3.13           7.21    -0.97   -3.17     1.41 -0.7 -3.5
 thr0.05_s1.5_slip3 300   328   102   0.152         -5.68           6.57    -0.87   -2.41     0.69 -1.0 +0.0
 thr0.05_s1.5_slip3 450   328   102   0.122        -11.14           4.33    -1.32   -2.71     0.13 -1.5 -0.0
 thr0.05_s1.5_slip3 600   328   102   0.107         -6.81           2.48    -0.71   -2.03     0.67 -0.8 +0.5
   thr0.05_s1_slip0 150   893   136   0.169          1.97           6.13     0.33   -0.86     1.61 +0.6 -1.7
   thr0.05_s1_slip0 300   893   136   0.106          0.77           7.27     0.08   -0.81     0.98 +0.3 -2.0
   thr0.05_s1_slip0 450   893   136   0.086          1.05           6.33     0.09   -0.77     0.92 +0.3 -1.5
   thr0.05_s1_slip0 600   893   136   0.076          0.87           4.74     0.07   -0.88     1.00 +0.2 -1.2
   thr0.05_s1_slip3 150   893   136   0.355         -2.61           3.63    -0.91   -2.70     0.95 -1.0 -0.4
   thr0.05_s1_slip3 300   893   136   0.203         -3.00           2.15    -0.60   -1.79     0.70 -0.6 -1.0
   thr0.05_s1_slip3 450   893   136   0.183         -6.31           1.01    -1.14   -2.27     0.03 -1.2 -0.8
   thr0.05_s1_slip3 600   893   136   0.184         -6.33          -0.02    -1.13   -2.17    -0.10 -1.2 -0.5
