/home/lab/data/2026-10-08: тиков 286268, сигналов 55260
/home/lab/data/2026-10-09: тиков 16131, сигналов 5270
            вариант   L  сигн  окон  исполн  цшейр_расчёт  цшейр_маркаут  цсигнал  ИИ_низ  ИИ_верх       дни
thr0.01_s0.75_slip0 150  6691   151   0.437         -1.55          -0.55    -0.66   -1.66     0.33 -0.6 -1.0
thr0.01_s0.75_slip0 300  6691   151   0.359         -1.57          -1.00    -0.55   -1.47     0.31 -0.6 -0.6
thr0.01_s0.75_slip0 450  6691   151   0.337         -1.95          -1.30    -0.65   -1.57     0.17 -0.6 -1.0
thr0.01_s0.75_slip0 600  6691   151   0.329         -2.40          -1.50    -0.78   -1.54     0.03 -0.8 -1.1
thr0.01_s0.75_slip3 150  6691   151   0.820         -0.47          -0.52    -0.38   -1.37     0.68 -0.4 -0.3
thr0.01_s0.75_slip3 300  6691   151   0.715         -0.75          -1.12    -0.53   -1.66     0.51 -0.4 -1.7
thr0.01_s0.75_slip3 450  6691   151   0.688         -1.15          -1.35    -0.78   -1.97     0.30 -0.7 -1.6
thr0.01_s0.75_slip3 600  6691   151   0.676         -1.22          -1.46    -0.81   -1.93     0.34 -0.7 -1.7
 thr0.01_s1.5_slip0 150  2330   150   0.327         -1.03           0.79    -0.33   -1.49     0.86 -0.1 -2.3
 thr0.01_s1.5_slip0 300  2330   150   0.257         -1.39          -0.05    -0.35   -1.55     0.66 -0.2 -2.1
 thr0.01_s1.5_slip0 450  2330   150   0.239         -3.21          -0.61    -0.74   -1.67     0.18 -0.6 -2.4
 thr0.01_s1.5_slip0 600  2330   150   0.223         -3.29          -0.85    -0.71   -1.58     0.15 -0.6 -1.7
 thr0.01_s1.5_slip3 150  2330   150   0.635         -0.53           0.25    -0.33   -1.89     1.18 -0.2 -2.0
 thr0.01_s1.5_slip3 300  2330   150   0.512         -1.14          -0.74    -0.57   -1.95     0.79 -0.3 -3.3
 thr0.01_s1.5_slip3 450  2330   150   0.489         -2.01          -1.19    -0.96   -2.17     0.24 -0.7 -3.2
 thr0.01_s1.5_slip3 600  2330   150   0.482         -2.29          -1.25    -1.07   -2.24     0.09 -0.9 -2.8
   thr0.01_s1_slip0 150  4743   151   0.392         -1.08          -0.32    -0.41   -1.31     0.65 -0.3 -1.5
   thr0.01_s1_slip0 300  4743   151   0.318         -0.75          -0.90    -0.23   -1.12     0.72 -0.2 -1.0
   thr0.01_s1_slip0 450  4743   151   0.298         -1.29          -1.21    -0.38   -1.26     0.54 -0.3 -1.0
   thr0.01_s1_slip0 600  4743   151   0.289         -2.15          -1.43    -0.61   -1.42     0.24 -0.6 -1.1
   thr0.01_s1_slip3 150  4743   151   0.764         -0.20          -0.40    -0.15   -1.26     1.01 -0.1 -0.7
   thr0.01_s1_slip3 300  4743   151   0.650         -0.66          -1.09    -0.42   -1.49     0.72 -0.2 -2.3
   thr0.01_s1_slip3 450  4743   151   0.625         -1.05          -1.39    -0.64   -1.74     0.48 -0.5 -2.3
   thr0.01_s1_slip3 600  4743   151   0.613         -1.14          -1.50    -0.69   -1.79     0.46 -0.5 -2.3
thr0.02_s0.75_slip0 150  4550   151   0.381         -1.04          -0.22    -0.39   -1.26     0.66 -0.3 -1.8
thr0.02_s0.75_slip0 300  4550   151   0.309         -0.51          -0.81    -0.15   -1.02     0.83 -0.1 -1.2
thr0.02_s0.75_slip0 450  4550   151   0.289         -0.93          -1.15    -0.26   -1.13     0.80 -0.2 -1.4
thr0.02_s0.75_slip0 600  4550   151   0.281         -1.76          -1.40    -0.48   -1.34     0.46 -0.4 -1.5
thr0.02_s0.75_slip3 150  4550   151   0.756         -0.01          -0.36    -0.01   -1.17     1.25 +0.1 -1.0
thr0.02_s0.75_slip3 300  4550   151   0.635         -0.50          -1.08    -0.31   -1.52     0.98 -0.1 -2.7
thr0.02_s0.75_slip3 450  4550   151   0.611         -0.80          -1.38    -0.48   -1.60     0.72 -0.3 -2.7
thr0.02_s0.75_slip3 600  4550   151   0.598         -0.94          -1.49    -0.55   -1.67     0.67 -0.4 -2.7
 thr0.02_s1.5_slip0 150  1187   144   0.288         -3.63           2.21    -1.00   -2.30     0.33 -0.8 -2.5
 thr0.02_s1.5_slip0 300  1187   144   0.225         -3.61           1.24    -0.79   -1.88     0.29 -0.6 -2.1
 thr0.02_s1.5_slip0 450  1187   144   0.201         -5.35           0.79    -1.04   -2.08    -0.06 -0.9 -2.0
 thr0.02_s1.5_slip0 600  1187   144   0.186         -4.63          -0.16    -0.83   -1.78     0.05 -0.8 -1.4
 thr0.02_s1.5_slip3 150  1187   144   0.512         -1.32           1.51    -0.65   -2.17     0.87 -0.4 -2.5
 thr0.02_s1.5_slip3 300  1187   144   0.391         -2.00           0.03    -0.75   -2.03     0.49 -0.6 -2.3
 thr0.02_s1.5_slip3 450  1187   144   0.368         -2.73          -0.35    -0.97   -2.15     0.24 -0.8 -2.4
 thr0.02_s1.5_slip3 600  1187   144   0.360         -3.47          -0.53    -1.21   -2.31    -0.16 -1.2 -1.3
   thr0.02_s1_slip0 150  2780   150   0.342         -0.17           0.51    -0.06   -1.20     1.03 +0.0 -1.1
   thr0.02_s1_slip0 300  2780   150   0.270          0.16          -0.10     0.04   -1.04     1.09 +0.1 -0.5
   thr0.02_s1_slip0 450  2780   150   0.249         -1.64          -0.64    -0.40   -1.37     0.55 -0.3 -0.9
   thr0.02_s1_slip0 600  2780   150   0.236         -1.43          -0.95    -0.33   -1.29     0.53 -0.3 -0.3
   thr0.02_s1_slip3 150  2780   150   0.662          0.71           0.10     0.46   -1.09     2.04 +0.5 -0.1
   thr0.02_s1_slip3 300  2780   150   0.536          0.25          -0.82     0.13   -1.28     1.48 +0.2 -0.8
   thr0.02_s1_slip3 450  2780   150   0.506         -0.63          -1.24    -0.31   -1.70     0.98 -0.2 -1.2
   thr0.02_s1_slip3 600  2780   150   0.498         -0.54          -1.33    -0.26   -1.72     1.08 -0.2 -0.9
thr0.03_s0.75_slip0 150  3048   150   0.344         -0.25           0.47    -0.08   -1.17     1.07 +0.0 -1.1
thr0.03_s0.75_slip0 300  3048   150   0.276         -0.03          -0.25    -0.01   -1.06     0.98 +0.0 -0.4
thr0.03_s0.75_slip0 450  3048   150   0.256         -1.37          -0.73    -0.34   -1.28     0.61 -0.3 -0.8
thr0.03_s0.75_slip0 600  3048   150   0.246         -1.92          -1.06    -0.46   -1.32     0.38 -0.5 -0.5
thr0.03_s0.75_slip3 150  3048   150   0.678          0.33           0.02     0.22   -1.39     1.85 +0.2 +0.1
thr0.03_s0.75_slip3 300  3048   150   0.553          0.10          -0.89     0.06   -1.40     1.48 +0.2 -0.9
thr0.03_s0.75_slip3 450  3048   150   0.523         -0.71          -1.28    -0.36   -1.71     1.03 -0.3 -1.4
thr0.03_s0.75_slip3 600  3048   150   0.514         -0.91          -1.39    -0.46   -1.83     0.93 -0.4 -1.3
 thr0.03_s1.5_slip0 150   668   129   0.254         -3.40           4.43    -0.82   -2.52     0.83 -0.9 -0.5
 thr0.03_s1.5_slip0 300   668   129   0.201         -0.72           3.45    -0.14   -1.49     1.29 -0.2 -0.0
 thr0.03_s1.5_slip0 450   668   129   0.171         -4.33           2.25    -0.69   -1.85     0.62 -0.8 +0.3
 thr0.03_s1.5_slip0 600   668   129   0.145         -3.40           0.73    -0.46   -1.54     0.80 -0.7 +2.0
 thr0.03_s1.5_slip3 150   668   129   0.415         -1.68           3.00    -0.67   -2.64     1.39 -0.8 +0.2
 thr0.03_s1.5_slip3 300   668   129   0.302         -2.10           1.66    -0.60   -2.19     1.18 -0.6 -0.7
 thr0.03_s1.5_slip3 450   668   129   0.277         -3.95           0.89    -1.05   -2.76     0.80 -1.1 -0.8
 thr0.03_s1.5_slip3 600   668   129   0.266         -5.81           0.12    -1.48   -3.21     0.39 -1.8 +0.9
   thr0.03_s1_slip0 150  1727   147   0.314         -2.22           1.44    -0.67   -1.92     0.56 -0.5 -2.5
   thr0.03_s1_slip0 300  1727   147   0.244         -3.23           0.70    -0.77   -1.96     0.40 -0.6 -2.2
   thr0.03_s1_slip0 450  1727   147   0.226         -4.86           0.02    -1.07   -2.08    -0.02 -0.9 -2.3
   thr0.03_s1_slip0 600  1727   147   0.207         -4.12          -0.25    -0.83   -1.80     0.16 -0.8 -1.3
   thr0.03_s1_slip3 150  1727   147   0.577         -1.55           0.73    -0.87   -2.36     0.63 -0.8 -1.9
   thr0.03_s1_slip3 300  1727   147   0.450         -1.87          -0.39    -0.82   -2.19     0.60 -0.6 -3.0
   thr0.03_s1_slip3 450  1727   147   0.426         -3.07          -0.85    -1.27   -2.56     0.06 -1.1 -3.1
   thr0.03_s1_slip3 600  1727   147   0.415         -2.72          -0.93    -1.10   -2.30     0.12 -0.9 -2.5
thr0.05_s0.75_slip0 150  1485   143   0.294         -2.41           2.02    -0.68   -2.10     0.75 -0.4 -3.2
thr0.05_s0.75_slip0 300  1485   143   0.228         -3.90           1.11    -0.86   -2.23     0.46 -0.6 -3.2
thr0.05_s0.75_slip0 450  1485   143   0.210         -5.55           0.38    -1.13   -2.22    -0.05 -0.9 -3.1
thr0.05_s0.75_slip0 600  1485   143   0.195         -5.32          -0.00    -1.00   -2.00    -0.06 -0.9 -1.9
thr0.05_s0.75_slip3 150  1485   143   0.545         -1.45           1.09    -0.76   -2.35     0.96 -0.5 -2.9
thr0.05_s0.75_slip3 300  1485   143   0.415         -2.00          -0.13    -0.80   -2.33     0.79 -0.4 -4.5
thr0.05_s0.75_slip3 450  1485   143   0.389         -3.53          -0.58    -1.33   -2.80     0.14 -1.0 -4.0
thr0.05_s0.75_slip3 600  1485   143   0.387         -3.49          -0.73    -1.31   -2.65     0.13 -1.1 -3.4
 thr0.05_s1.5_slip0 150   273    96   0.238          2.61           9.41     0.60   -2.07     3.54 -0.0 +6.4
 thr0.05_s1.5_slip0 300   273    96   0.183          2.19           7.06     0.39   -2.04     2.93 -0.3 +6.4
 thr0.05_s1.5_slip0 450   273    96   0.139         -4.63           3.20    -0.63   -2.67     1.54 -1.5 +7.0
 thr0.05_s1.5_slip0 600   273    96   0.114         -3.60           2.97    -0.40   -2.77     2.10 -1.3 +7.6
 thr0.05_s1.5_slip3 150   273    96   0.333          4.11           6.77     1.32   -1.61     4.48 +0.5 +8.4
 thr0.05_s1.5_slip3 300   273    96   0.245          4.02           5.27     0.97   -1.16     3.60 +0.4 +6.4
 thr0.05_s1.5_slip3 450   273    96   0.212          0.76           3.30     0.16   -2.13     2.57 -0.6 +7.0
 thr0.05_s1.5_slip3 600   273    96   0.190         -1.52           2.72    -0.28   -2.42     2.14 -1.2 +7.6
   thr0.05_s1_slip0 150   783   130   0.257         -1.74           3.74    -0.42   -1.92     1.10 -0.4 -0.5
   thr0.05_s1_slip0 300   783   130   0.199         -0.44           3.29    -0.08   -1.28     1.11 -0.0 -0.6
   thr0.05_s1_slip0 450   783   130   0.176         -2.65           2.48    -0.44   -1.50     0.70 -0.5 -0.3
   thr0.05_s1_slip0 600   783   130   0.151         -1.52           1.67    -0.21   -1.27     0.84 -0.4 +1.1
   thr0.05_s1_slip3 150   783   130   0.436         -0.60           2.78    -0.25   -2.14     1.64 -0.2 -0.5
   thr0.05_s1_slip3 300   783   130   0.318         -0.19           1.56    -0.06   -1.66     1.51 -0.0 -0.5
   thr0.05_s1_slip3 450   783   130   0.295         -1.52           0.97    -0.43   -2.05     1.20 -0.4 -0.5
   thr0.05_s1_slip3 600   783   130   0.282         -3.37           0.42    -0.91   -2.44     0.69 -1.1 +0.9
