/home/lab/data/2026-10-08: тиков 93847, сигналов 37104
/home/lab/data/2026-10-09: тиков 3339, сигналов 2828
            вариант   L  сигн  окон  исполн  цшейр_расчёт  цшейр_маркаут  цсигнал  ИИ_низ  ИИ_верх       дни
thr0.01_s0.75_slip0 150  5177   151   0.235          0.50           0.50     0.12   -0.38     0.65 +0.1 +0.1
thr0.01_s0.75_slip0 300  5177   151   0.161         -0.88          -0.21    -0.14   -0.61     0.32 -0.1 -0.2
thr0.01_s0.75_slip0 450  5177   151   0.151         -0.32          -0.53    -0.05   -0.48     0.40 -0.0 -0.6
thr0.01_s0.75_slip0 600  5177   151   0.156         -0.42          -0.80    -0.07   -0.52     0.44 -0.0 -0.6
thr0.01_s0.75_slip3 150  5177   151   0.708          0.05          -0.12     0.04   -0.80     0.89 +0.1 -0.4
thr0.01_s0.75_slip3 300  5177   151   0.573         -0.84          -0.93    -0.47   -1.25     0.40 -0.4 -1.4
thr0.01_s0.75_slip3 450  5177   151   0.545         -0.95          -1.27    -0.51   -1.32     0.36 -0.4 -1.9
thr0.01_s0.75_slip3 600  5177   151   0.535         -0.71          -1.29    -0.38   -1.17     0.51 -0.3 -1.8
 thr0.01_s1.5_slip0 150  1382   139   0.168          3.55           4.27     0.59   -0.26     1.44 +0.7 -0.5
 thr0.01_s1.5_slip0 300  1382   139   0.115         -1.93           3.65    -0.22   -0.87     0.45 -0.1 -1.6
 thr0.01_s1.5_slip0 450  1382   139   0.096         -3.48           3.37    -0.33   -1.03     0.31 -0.3 -0.7
 thr0.01_s1.5_slip0 600  1382   139   0.088         -5.51           2.00    -0.48   -1.05     0.06 -0.5 -0.3
 thr0.01_s1.5_slip3 150  1382   139   0.421          0.13           2.57     0.05   -1.18     1.44 +0.1 -0.0
 thr0.01_s1.5_slip3 300  1382   139   0.300         -1.22           1.30    -0.36   -1.49     0.85 -0.3 -0.9
 thr0.01_s1.5_slip3 450  1382   139   0.264         -2.86           0.51    -0.75   -1.79     0.30 -0.7 -1.0
 thr0.01_s1.5_slip3 600  1382   139   0.268         -2.56           0.25    -0.68   -1.67     0.30 -0.7 -0.1
   thr0.01_s1_slip0 150  3319   151   0.188          0.47           1.21     0.09   -0.59     0.72 +0.1 -0.2
   thr0.01_s1_slip0 300  3319   151   0.128         -1.97           0.47    -0.25   -0.81     0.32 -0.3 -0.2
   thr0.01_s1_slip0 450  3319   151   0.119         -2.27          -0.19    -0.27   -0.81     0.28 -0.2 -0.6
   thr0.01_s1_slip0 600  3319   151   0.122         -3.13          -0.56    -0.38   -0.92     0.14 -0.3 -0.8
   thr0.01_s1_slip3 150  3319   151   0.610         -0.43           0.39    -0.26   -1.27     0.75 -0.2 -1.4
   thr0.01_s1_slip3 300  3319   151   0.468         -1.72          -0.60    -0.79   -1.73     0.27 -0.7 -2.6
   thr0.01_s1_slip3 450  3319   151   0.437         -2.21          -1.02    -0.95   -1.98     0.17 -0.8 -2.3
   thr0.01_s1_slip3 600  3319   151   0.434         -2.23          -0.93    -0.95   -2.00     0.16 -0.8 -2.4
thr0.02_s0.75_slip0 150  3186   150   0.185          0.95           1.35     0.17   -0.45     0.84 +0.2 +0.2
thr0.02_s0.75_slip0 300  3186   150   0.126         -1.28           0.73    -0.16   -0.77     0.46 -0.2 +0.1
thr0.02_s0.75_slip0 450  3186   150   0.117         -1.56          -0.02    -0.18   -0.72     0.38 -0.2 -0.6
thr0.02_s0.75_slip0 600  3186   150   0.119         -2.59          -0.42    -0.31   -0.85     0.26 -0.3 -0.8
thr0.02_s0.75_slip3 150  3186   150   0.594         -0.82           0.46    -0.48   -1.44     0.54 -0.4 -1.5
thr0.02_s0.75_slip3 300  3186   150   0.448         -2.03          -0.54    -0.90   -1.84     0.14 -0.8 -2.1
thr0.02_s0.75_slip3 450  3186   150   0.418         -2.68          -0.97    -1.11   -2.10    -0.05 -1.0 -2.4
thr0.02_s0.75_slip3 600  3186   150   0.416         -2.81          -0.86    -1.15   -2.15    -0.14 -1.1 -2.4
 thr0.02_s1.5_slip0 150   610   124   0.182          5.41           7.70     0.98   -0.41     2.41 +0.9 +2.4
 thr0.02_s1.5_slip0 300   610   124   0.118          0.60           7.82     0.07   -0.99     1.14 +0.1 -0.5
 thr0.02_s1.5_slip0 450   610   124   0.097         -4.55           6.86    -0.43   -1.34     0.56 -0.4 -0.9
 thr0.02_s1.5_slip0 600   610   124   0.080         -5.26           5.28    -0.41   -1.38     0.52 -0.4 +0.0
 thr0.02_s1.5_slip3 150   610   124   0.300         -0.18           5.70    -0.06   -1.77     1.76 -0.1 +0.4
 thr0.02_s1.5_slip3 300   610   124   0.195         -2.30           4.95    -0.45   -1.92     0.93 -0.4 -0.9
 thr0.02_s1.5_slip3 450   610   124   0.169         -5.69           3.48    -0.95   -2.19     0.40 -0.9 -1.3
 thr0.02_s1.5_slip3 600   610   124   0.174         -2.99           3.04    -0.51   -1.82     0.72 -0.6 -0.1
   thr0.02_s1_slip0 150  1721   144   0.170          2.45           3.38     0.41   -0.34     1.20 +0.5 -1.3
   thr0.02_s1_slip0 300  1721   144   0.115         -2.33           2.26    -0.26   -0.94     0.40 -0.2 -1.2
   thr0.02_s1_slip0 450  1721   144   0.102         -2.46           1.53    -0.25   -0.95     0.41 -0.2 -0.9
   thr0.02_s1_slip0 600  1721   144   0.094         -3.42           0.81    -0.32   -0.98     0.31 -0.3 -1.2
   thr0.02_s1_slip3 150  1721   144   0.452         -1.01           1.87    -0.45   -1.58     0.82 -0.4 -0.8
   thr0.02_s1_slip3 300  1721   144   0.310         -1.45           0.66    -0.45   -1.53     0.69 -0.4 -1.5
   thr0.02_s1_slip3 450  1721   144   0.284         -2.74          -0.14    -0.77   -1.76     0.25 -0.7 -1.6
   thr0.02_s1_slip3 600  1721   144   0.287         -2.71          -0.16    -0.77   -1.78     0.23 -0.7 -1.3
thr0.03_s0.75_slip0 150  1963   145   0.171          2.51           2.94     0.43   -0.34     1.17 +0.5 -0.6
thr0.03_s0.75_slip0 300  1963   145   0.115         -0.60           2.02    -0.07   -0.72     0.63 -0.1 -0.3
thr0.03_s0.75_slip0 450  1963   145   0.102         -0.69           1.09    -0.07   -0.78     0.55 -0.1 -0.2
thr0.03_s0.75_slip0 600  1963   145   0.096         -1.74           0.31    -0.17   -0.86     0.42 -0.1 -0.5
thr0.03_s0.75_slip3 150  1963   145   0.477         -0.63           1.48    -0.30   -1.58     0.99 -0.3 -0.3
thr0.03_s0.75_slip3 300  1963   145   0.322         -1.44           0.45    -0.46   -1.51     0.72 -0.4 -1.3
thr0.03_s0.75_slip3 450  1963   145   0.302         -2.96          -0.38    -0.89   -1.98     0.31 -0.9 -1.1
thr0.03_s0.75_slip3 600  1963   145   0.308         -2.91          -0.53    -0.89   -1.98     0.17 -0.8 -1.5
 thr0.03_s1.5_slip0 150   300    99   0.203          8.13          10.42     1.65   -0.43     3.74 +1.8 +0.2
 thr0.03_s1.5_slip0 300   300    99   0.120          0.40          10.51     0.05   -1.68     1.84 +0.0 +0.2
 thr0.03_s1.5_slip0 450   300    99   0.093         -0.12          10.05    -0.01   -1.61     1.66 +0.0 -0.8
 thr0.03_s1.5_slip0 600   300    99   0.073          3.71           9.96     0.27   -0.97     1.58 +0.3 +0.0
 thr0.03_s1.5_slip3 150   300    99   0.287          4.71           8.99     1.35   -0.79     3.60 +1.5 -0.9
 thr0.03_s1.5_slip3 300   300    99   0.160         -5.13           8.05    -0.82   -2.55     0.92 -0.9 +0.2
 thr0.03_s1.5_slip3 450   300    99   0.127         -4.74           8.22    -0.60   -2.08     0.93 -0.6 -0.8
 thr0.03_s1.5_slip3 600   300    99   0.113          0.53           8.63     0.06   -1.73     1.95 +0.1 +0.0
   thr0.03_s1_slip0 150   997   134   0.172          3.37           5.72     0.57   -0.50     1.57 +0.6 +0.1
   thr0.03_s1_slip0 300   997   134   0.117         -1.48           4.89    -0.17   -0.98     0.56 -0.0 -2.1
   thr0.03_s1_slip0 450   997   134   0.091         -3.99           4.33    -0.36   -1.16     0.38 -0.3 -1.3
   thr0.03_s1_slip0 600   997   134   0.076         -4.51           1.92    -0.34   -0.99     0.32 -0.4 +0.0
   thr0.03_s1_slip3 150   997   134   0.341          0.81           3.89     0.28   -0.94     1.61 +0.3 -0.2
   thr0.03_s1_slip3 300   997   134   0.231         -0.01           2.63    -0.00   -1.23     1.29 +0.1 -1.4
   thr0.03_s1_slip3 450   997   134   0.194         -2.40           1.50    -0.46   -1.58     0.72 -0.4 -1.4
   thr0.03_s1_slip3 600   997   134   0.193         -1.19           0.73    -0.23   -1.32     0.90 -0.2 -0.2
thr0.05_s0.75_slip0 150   848   133   0.179          3.46           6.18     0.62   -0.56     1.80 +0.5 +1.8
thr0.05_s0.75_slip0 300   848   133   0.118         -2.40           5.78    -0.28   -1.26     0.62 -0.2 -1.1
thr0.05_s0.75_slip0 450   848   133   0.093         -6.90           4.96    -0.63   -1.55     0.26 -0.6 -1.4
thr0.05_s0.75_slip0 600   848   133   0.075         -6.36           2.93    -0.47   -1.26     0.34 -0.5 +0.0
thr0.05_s0.75_slip3 150   848   133   0.324          0.51           4.34     0.17   -1.30     1.56 +0.1 +1.3
thr0.05_s0.75_slip3 300   848   133   0.213         -1.96           3.20    -0.42   -1.83     0.93 -0.4 -0.4
thr0.05_s0.75_slip3 450   848   133   0.179         -5.16           2.11    -0.92   -2.22     0.36 -0.8 -2.0
thr0.05_s0.75_slip3 600   848   133   0.179         -2.83           1.50    -0.50   -1.86     0.70 -0.5 -0.3
 thr0.05_s1.5_slip0 150   102    57   0.284         17.74          11.81     5.04    1.16     9.01 +5.0 +6.1
 thr0.05_s1.5_slip0 300   102    57   0.167         14.04          10.84     2.34   -1.65     5.96 +2.6 -2.6
 thr0.05_s1.5_slip0 450   102    57   0.108         21.86          11.13     2.36   -0.18     5.16 +2.5 +0.0
 thr0.05_s1.5_slip0 600   102    57   0.088         23.67          12.56     2.09   -0.73     4.59 +2.2 +0.0
 thr0.05_s1.5_slip3 150   102    57   0.353          8.62          11.32     3.04   -1.10     7.57 +2.9 +6.1
 thr0.05_s1.5_slip3 300   102    57   0.186         10.71          11.19     2.00   -1.30     5.55 +1.9 +3.3
 thr0.05_s1.5_slip3 450   102    57   0.137         11.47           8.15     1.57   -1.34     4.46 +1.7 +0.0
 thr0.05_s1.5_slip3 600   102    57   0.098         24.35          12.50     2.39   -0.29     4.85 +2.5 +0.0
   thr0.05_s1_slip0 150   361   106   0.199          5.97           9.55     1.19   -0.69     3.07 +1.3 +0.2
   thr0.05_s1_slip0 300   361   106   0.125          0.79           9.25     0.10   -1.34     1.44 +0.1 +0.2
   thr0.05_s1_slip0 450   361   106   0.100         -1.09           9.00    -0.11   -1.39     1.24 -0.1 -0.7
   thr0.05_s1_slip0 600   361   106   0.080          2.32           7.87     0.19   -0.91     1.27 +0.2 +0.0
   thr0.05_s1_slip3 150   361   106   0.288          2.26           8.03     0.65   -1.50     2.96 +0.7 -0.8
   thr0.05_s1_slip3 300   361   106   0.175         -6.35           6.40    -1.11   -2.65     0.56 -1.2 +0.2
   thr0.05_s1_slip3 450   361   106   0.136         -4.33           6.57    -0.59   -2.00     0.76 -0.6 -0.7
   thr0.05_s1_slip3 600   361   106   0.130         -1.55           6.04    -0.20   -1.81     1.26 -0.2 +0.0
