/home/lab/data/2026-10-08: тиков 286268, сигналов 15182
/home/lab/data/2026-10-09: тиков 396406, сигналов 32804
/home/lab/data/2026-10-10: тиков 68478, сигналов 6798
           вариант   L  сигн  окон  исполн  цшейр_расчёт  цшейр_маркаут  цсигнал  ИИ_низ  ИИ_верх            дни
thr0.02_s1.5_slip0 200  3933   506   0.301         -2.26           1.04    -0.68   -1.70     0.31 -0.5 -0.5 -1.8
thr0.02_s1.5_slip0 300  3933   506   0.272         -2.88           0.62    -0.78   -1.74     0.20 -0.6 -0.8 -1.1
thr0.02_s1.5_slip0 450  3933   506   0.246         -3.59           0.31    -0.88   -1.77     0.05 -0.9 -0.8 -1.2
thr0.02_s1.5_slip2 200  3933   506   0.438         -0.40           0.90    -0.18   -1.23     0.92 -0.5 +0.3 -1.9
thr0.02_s1.5_slip2 300  3933   506   0.386         -1.73           0.10    -0.66   -1.63     0.40 -0.9 -0.4 -1.4
thr0.02_s1.5_slip2 450  3933   506   0.357         -2.71          -0.20    -0.97   -1.96     0.06 -1.4 -0.6 -1.6
  thr0.02_s1_slip0 200  8093   526   0.370         -0.30          -0.13    -0.11   -0.85     0.56 +0.1 +0.0 -1.7
  thr0.02_s1_slip0 300  8093   526   0.337         -0.53          -0.46    -0.18   -0.90     0.53 +0.1 -0.1 -1.4
  thr0.02_s1_slip0 450  8093   526   0.312         -1.07          -0.73    -0.33   -1.04     0.35 -0.3 -0.2 -1.1
  thr0.02_s1_slip2 200  8093   526   0.553          0.42          -0.22     0.23   -0.52     1.11 +0.5 +0.4 -1.7
  thr0.02_s1_slip2 300  8093   526   0.501         -0.35          -0.72    -0.17   -1.02     0.63 -0.1 -0.0 -1.5
  thr0.02_s1_slip2 450  8093   526   0.475         -0.76          -1.02    -0.36   -1.18     0.39 -0.3 -0.2 -1.5
  thr0.02_s2_slip0 200  2129   451   0.268         -1.22           2.95    -0.33   -1.38     0.70 -0.7 +0.2 -1.7
  thr0.02_s2_slip0 300  2129   451   0.237         -1.82           2.37    -0.43   -1.43     0.59 -0.3 -0.4 -0.9
  thr0.02_s2_slip0 450  2129   451   0.209         -3.07           1.79    -0.64   -1.61     0.34 -0.9 -0.3 -1.4
  thr0.02_s2_slip2 200  2129   451   0.379          0.35           2.73     0.13   -1.08     1.35 -0.3 +0.6 -1.0
  thr0.02_s2_slip2 300  2129   451   0.325         -0.84           1.64    -0.27   -1.37     0.82 -0.4 -0.2 -0.3
  thr0.02_s2_slip2 450  2129   451   0.297         -1.84           1.10    -0.54   -1.68     0.50 -1.1 -0.2 -0.9
thr0.03_s1.5_slip0 200  2379   463   0.272         -0.77           2.34    -0.21   -1.15     0.75 -0.6 +0.2 -1.0
thr0.03_s1.5_slip0 300  2379   463   0.243         -1.58           1.77    -0.38   -1.31     0.53 -0.2 -0.5 -0.4
thr0.03_s1.5_slip0 450  2379   463   0.214         -2.68           1.18    -0.57   -1.47     0.32 -0.8 -0.4 -0.7
thr0.03_s1.5_slip2 200  2379   463   0.382          0.60           2.17     0.23   -0.83     1.40 -0.5 +0.7 -0.5
thr0.03_s1.5_slip2 300  2379   463   0.330         -0.76           1.12    -0.25   -1.30     0.78 -0.7 -0.2 +0.2
thr0.03_s1.5_slip2 450  2379   463   0.303         -1.77           0.58    -0.53   -1.58     0.49 -1.4 -0.2 -0.5
  thr0.03_s1_slip0 200  5406   519   0.328         -1.34           0.48    -0.44   -1.27     0.44 -0.4 -0.2 -1.7
  thr0.03_s1_slip0 300  5406   519   0.298         -1.87           0.07    -0.55   -1.35     0.34 -0.6 -0.4 -1.0
  thr0.03_s1_slip0 450  5406   519   0.274         -2.54          -0.31    -0.69   -1.46     0.07 -0.9 -0.5 -1.0
  thr0.03_s1_slip2 200  5406   519   0.482          0.11           0.32     0.05   -0.85     1.03 -0.3 +0.5 -1.3
  thr0.03_s1_slip2 300  5406   519   0.434         -1.15          -0.37    -0.50   -1.40     0.42 -0.9 -0.2 -1.0
  thr0.03_s1_slip2 450  5406   519   0.405         -2.33          -0.73    -0.94   -1.81    -0.03 -1.4 -0.6 -1.4
  thr0.03_s2_slip0 200  1241   381   0.237          3.98           4.46     0.93   -0.32     2.12 -0.2 +1.5 +0.5
  thr0.03_s2_slip0 300  1241   381   0.211          2.80           3.45     0.58   -0.56     1.78 -0.3 +0.7 +1.2
  thr0.03_s2_slip0 450  1241   381   0.186          1.95           2.48     0.36   -0.77     1.54 -1.2 +0.8 +0.9
  thr0.03_s2_slip2 200  1241   381   0.326          4.24           3.76     1.37   -0.01     2.71 +0.2 +1.7 +1.6
  thr0.03_s2_slip2 300  1241   381   0.277          3.29           2.42     0.90   -0.40     2.24 -0.2 +1.2 +1.4
  thr0.03_s2_slip2 450  1241   381   0.250          1.68           1.32     0.42   -0.81     1.63 -1.1 +0.9 +0.8
thr0.05_s1.5_slip0 200  1041   364   0.217          5.57           5.54     1.20   -0.08     2.57 -0.2 +1.9 +0.7
thr0.05_s1.5_slip0 300  1041   364   0.196          4.43           4.24     0.86   -0.37     2.17 -0.3 +1.1 +1.5
thr0.05_s1.5_slip0 450  1041   364   0.164          2.65           2.72     0.43   -0.75     1.61 -1.5 +1.0 +0.9
thr0.05_s1.5_slip2 200  1041   364   0.307          5.51           4.82     1.68    0.20     3.24 +0.6 +2.3 +1.1
thr0.05_s1.5_slip2 300  1041   364   0.256          4.29           2.94     1.09   -0.30     2.50 +0.1 +1.5 +1.0
thr0.05_s1.5_slip2 450  1041   364   0.229          2.07           1.55     0.47   -0.88     1.87 -0.9 +1.1 +0.0
  thr0.05_s1_slip0 200  2692   468   0.277          0.13           1.85     0.04   -1.02     1.24 -0.2 +0.2 -0.5
  thr0.05_s1_slip0 300  2692   468   0.248         -0.64           1.38    -0.16   -1.18     1.02 -0.0 -0.3 +0.3
  thr0.05_s1_slip0 450  2692   468   0.224         -1.53           0.91    -0.34   -1.36     0.78 -0.5 -0.4 +0.1
  thr0.05_s1_slip2 200  2692   468   0.393          0.89           1.64     0.35   -0.81     1.71 -0.1 +0.7 -0.3
  thr0.05_s1_slip2 300  2692   468   0.340          0.03           0.85     0.01   -1.17     1.32 -0.0 -0.1 +0.4
  thr0.05_s1_slip2 450  2692   468   0.313         -1.38           0.38    -0.43   -1.49     0.87 -0.8 -0.3 -0.2
  thr0.05_s2_slip0 200   478   245   0.186          5.97           7.32     1.11   -0.60     2.81 -0.5 +1.7 +0.7
  thr0.05_s2_slip0 300   478   245   0.172          4.29           5.85     0.74   -0.97     2.41 -0.1 +0.8 +1.2
  thr0.05_s2_slip0 450   478   245   0.132          6.17           4.80     0.81   -0.60     2.26 -1.0 +1.4 +0.7
  thr0.05_s2_slip2 200   478   245   0.253          3.72           7.01     0.94   -0.99     2.79 -0.7 +1.2 +1.7
  thr0.05_s2_slip2 300   478   245   0.211          4.33           4.54     0.92   -0.88     2.63 +0.0 +0.9 +1.8
  thr0.05_s2_slip2 450   478   245   0.169          4.38           2.99     0.74   -0.91     2.33 -0.5 +1.3 +0.4

=== досрочный выход (продажа по bid с комиссией), топ-30 по нижней границе ИИ ===
           вариант   L  выход_с  сигн  окон  исп_шт  исполн  цшейр_исп  цсигнал  ИИ_низ  ИИ_верх            дни
  thr0.05_s2_slip2 200      2.0   478   245     121   0.253       5.70     1.44    0.63     2.28 +0.5 +1.7 +1.4
  thr0.05_s2_slip2 200      5.0   478   245     121   0.253       5.06     1.28    0.44     2.16 +1.3 +1.4 +0.9
  thr0.05_s2_slip0 200      2.0   478   245      89   0.186       5.80     1.08    0.44     1.72 +0.3 +1.1 +1.6
  thr0.05_s2_slip0 300      2.0   478   245      82   0.172       5.64     0.97    0.41     1.59 +1.4 +0.9 +0.8
thr0.05_s1.5_slip2 200      2.0  1041   364     320   0.307       2.80     0.86    0.40     1.33 +0.9 +1.0 +0.4
thr0.05_s1.5_slip0 200      5.0  1041   364     225   0.217       3.65     0.79    0.35     1.25 +1.2 +0.7 +0.4
thr0.05_s1.5_slip2 200      5.0  1041   364     319   0.307       2.99     0.92    0.34     1.49 +1.3 +1.0 +0.2
  thr0.05_s2_slip0 200      5.0   478   245      89   0.186       5.29     0.98    0.32     1.66 +1.1 +0.9 +1.2
thr0.05_s1.5_slip2 200     60.0  1041   364     319   0.307       5.04     1.54    0.31     2.70 +1.0 +1.8 +1.2
  thr0.05_s2_slip2 300      2.0   478   245     101   0.211       4.49     0.95    0.30     1.64 +1.3 +1.1 +0.2
  thr0.03_s2_slip2 200      2.0  1241   381     405   0.326       2.05     0.67    0.30     1.08 +0.8 +0.7 +0.3
thr0.05_s1.5_slip0 200      2.0  1041   364     226   0.217       3.12     0.68    0.29     1.07 +0.8 +0.6 +0.7
  thr0.03_s2_slip0 200      5.0  1241   381     293   0.237       2.78     0.66    0.24     1.04 +1.1 +0.6 +0.3
thr0.05_s1.5_slip0 200     60.0  1041   364     225   0.217       5.62     1.21    0.24     2.19 +0.2 +1.6 +1.4
  thr0.03_s2_slip2 200      5.0  1241   381     404   0.326       2.09     0.68    0.23     1.22 +1.2 +0.7 +0.1
thr0.05_s1.5_slip0 300      2.0  1041   364     203   0.196       2.82     0.55    0.21     0.90 +1.1 +0.5 -0.0
thr0.05_s1.5_slip0 200     10.0  1041   364     225   0.217       3.56     0.77    0.21     1.34 +1.0 +0.9 +0.0
  thr0.05_s2_slip0 200     10.0   478   245      89   0.186       5.47     1.02    0.21     1.89 +0.9 +1.1 +0.9
  thr0.03_s2_slip0 200      2.0  1241   381     294   0.237       2.32     0.55    0.18     0.90 +0.7 +0.5 +0.5
  thr0.03_s2_slip0 200     10.0  1241   381     293   0.237       2.70     0.64    0.15     1.15 +0.9 +0.7 +0.0
  thr0.05_s2_slip2 200     10.0   478   245     121   0.253       4.41     1.12    0.14     2.20 +1.2 +1.5 -0.0
thr0.05_s1.5_slip2 200     10.0  1041   364     319   0.307       2.67     0.82    0.14     1.54 +1.1 +1.1 -0.7
  thr0.02_s2_slip2 200      5.0  2129   451     805   0.379       1.11     0.42    0.10     0.76 +0.6 +0.4 +0.4
  thr0.03_s2_slip0 300      2.0  1241   381     261   0.211       2.00     0.42    0.09     0.77 +0.9 +0.4 -0.1
  thr0.02_s2_slip0 200      5.0  2129   451     570   0.268       1.29     0.35    0.08     0.61 +0.6 +0.2 +0.3
thr0.05_s1.5_slip2 300      2.0  1041   364     265   0.256       1.80     0.46    0.07     0.87 +1.0 +0.5 -0.5
  thr0.02_s2_slip0 200     10.0  2129   451     570   0.268       1.57     0.42    0.05     0.74 +0.6 +0.4 +0.1
thr0.05_s1.5_slip0 200     30.0  1041   364     225   0.217       3.91     0.84    0.04     1.70 -0.0 +1.1 +1.3
  thr0.05_s2_slip0 450      2.0   478   245      63   0.132       3.56     0.47    0.04     0.97 +0.5 +0.8 -0.5
  thr0.03_s2_slip2 200     10.0  1241   381     404   0.326       1.86     0.61    0.01     1.22 +1.0 +0.7 -0.5

строк с ИИ_низ > 0: 30 из 270  (при 270 сравнениях часть таких строк случайна)

=== отложенная выборка: топ-15 по первой половине окон, результат на второй ===
                                окон_обуч  исполн_обуч  цсигнал_обуч  ИИ_низ_обуч  окон_тест  исполн_тест  цсигнал_тест  ИИ_низ_тест  ИИ_верх
вариант            L   выход_с                                                                                                               
thr0.05_s2_slip2   200 10.0           116         0.24          2.41         0.90        129         0.27         -0.16        -1.49     1.07
thr0.05_s1.5_slip2 200 60.0           176         0.29          2.36         0.60        188         0.33          0.62        -1.06     2.41
thr0.05_s2_slip2   200 30.0           116         0.24          2.15         0.11        129         0.27         -0.47        -1.66     0.90
                       5.0            116         0.24          1.98         0.53        129         0.27          0.59        -0.36     1.63
                       2.0            116         0.24          1.91         0.71        129         0.27          0.99         0.12     2.01
thr0.05_s1.5_slip2 200 10.0           176         0.29          1.89         0.89        188         0.33         -0.40        -1.20     0.45
thr0.05_s2_slip0   200 10.0           116         0.17          1.89         0.62        129         0.20          0.16        -0.79     1.08
thr0.05_s1.5_slip0 200 60.0           176         0.20          1.84         0.23        188         0.23          0.50        -0.74     1.84
thr0.05_s2_slip2   200 60.0           116         0.24          1.77        -0.30        129         0.27         -0.35        -2.27     1.75
thr0.05_s2_slip0   200 30.0           116         0.17          1.75         0.12        129         0.20         -0.09        -1.28     1.29
thr0.05_s1.5_slip0 200 10.0           176         0.20          1.68         0.82        188         0.23         -0.27        -0.92     0.36
thr0.05_s1.5_slip2 200 30.0           176         0.29          1.66         0.29        188         0.33          0.15        -0.79     1.16
thr0.03_s2_slip2   200 60.0           185         0.30          1.63         0.13        196         0.35          0.33        -1.06     1.76
thr0.05_s1.5_slip2 200 5.0            176         0.29          1.61         0.85        188         0.33          0.13        -0.56     0.87
                   300 60.0           176         0.24          1.57         0.17        188         0.27          0.40        -1.09     1.84

все 270 вариантов: средний цсигнал обуч 0.14, тест -0.31; у топ-15 по обуч.: тест 0.14

=== средний цсигнал по выходу и задержке (все варианты) ===
L         200   300   450
выход_с                  
2.0      0.14 -0.07 -0.28
5.0      0.16 -0.15 -0.33
10.0     0.15 -0.09 -0.32
30.0     0.18  0.02 -0.20
60.0     0.10 -0.12 -0.35
