/home/lab/data/2026-10-08: тиков 1149337, сигналов 16898
/home/lab/data/2026-10-09: тиков 894755, сигналов 31626
/home/lab/data/2026-10-10: тиков 117810, сигналов 6478
           вариант   L  сигн  окон  исполн  цшейр_расчёт  цшейр_маркаут  цсигнал  ИИ_низ  ИИ_верх            дни
thr0.02_s1.5_slip0 200  3998   509   0.129          5.10           5.02     0.66    0.19     1.12 +0.3 +0.8 +1.1
thr0.02_s1.5_slip0 300  3998   509   0.102          5.48           4.76     0.55    0.14     0.98 +0.2 +0.7 +0.9
thr0.02_s1.5_slip0 450  3998   509   0.091          3.91           3.78     0.36    0.00     0.71 +0.2 +0.5 +0.1
thr0.02_s1.5_slip2 200  3998   509   0.234          3.30           3.13     0.77    0.12     1.38 +0.2 +0.8 +2.0
thr0.02_s1.5_slip2 300  3998   509   0.185          1.91           2.25     0.35   -0.26     0.93 -0.4 +0.5 +1.6
thr0.02_s1.5_slip2 450  3998   509   0.172          1.26           1.64     0.22   -0.29     0.75 -0.5 +0.5 +0.6
  thr0.02_s1_slip0 200  7320   523   0.142          1.76           2.59     0.25   -0.23     0.68 +0.4 +0.1 +0.8
  thr0.02_s1_slip0 300  7320   523   0.116          1.14           2.02     0.13   -0.29     0.55 +0.4 -0.1 +0.7
  thr0.02_s1_slip0 450  7320   523   0.108          0.99           1.45     0.11   -0.27     0.50 +0.3 -0.1 +0.4
  thr0.02_s1_slip2 200  7320   523   0.321          0.65           0.86     0.21   -0.47     0.90 +0.3 -0.0 +1.4
  thr0.02_s1_slip2 300  7320   523   0.272         -0.72           0.11    -0.20   -0.85     0.49 +0.1 -0.5 +0.7
  thr0.02_s1_slip2 450  7320   523   0.256         -1.13          -0.28    -0.29   -0.94     0.41 -0.2 -0.4 +0.3
  thr0.02_s2_slip0 200  2311   476   0.126          7.38           7.65     0.92    0.27     1.58 +0.5 +1.0 +1.7
  thr0.02_s2_slip0 300  2311   476   0.097          8.36           7.39     0.81    0.25     1.36 +0.2 +0.9 +1.4
  thr0.02_s2_slip0 450  2311   476   0.077          7.89           6.28     0.60    0.16     1.07 +0.4 +0.8 +0.3
  thr0.02_s2_slip2 200  2311   476   0.196          6.55           5.41     1.27    0.55     1.99 +0.7 +1.3 +2.5
  thr0.02_s2_slip2 300  2311   476   0.146          5.08           4.52     0.74    0.08     1.38 -0.0 +0.8 +1.7
  thr0.02_s2_slip2 450  2311   476   0.125          4.08           3.27     0.51   -0.07     1.08 +0.1 +0.6 +0.6
thr0.03_s1.5_slip0 200  2537   482   0.124          6.79           7.24     0.84    0.25     1.45 +0.5 +0.9 +1.3
thr0.03_s1.5_slip0 300  2537   482   0.093          7.56           7.26     0.70    0.20     1.24 +0.1 +0.9 +1.1
thr0.03_s1.5_slip0 450  2537   482   0.078          5.79           5.93     0.45   -0.07     0.95 +0.3 +0.6 +0.0
thr0.03_s1.5_slip2 200  2537   482   0.198          5.42           4.96     1.06    0.37     1.79 +0.6 +1.0 +2.2
thr0.03_s1.5_slip2 300  2537   482   0.145          3.36           4.17     0.48   -0.17     1.13 -0.2 +0.6 +1.5
thr0.03_s1.5_slip2 450  2537   482   0.127          1.99           3.01     0.25   -0.30     0.85 -0.1 +0.4 +0.4
  thr0.03_s1_slip0 200  5259   519   0.137          1.79           3.68     0.24   -0.29     0.77 +0.3 +0.1 +1.1
  thr0.03_s1_slip0 300  5259   519   0.112          1.97           3.31     0.22   -0.29     0.72 +0.4 -0.0 +0.9
  thr0.03_s1_slip0 450  5259   519   0.101          0.33           2.58     0.03   -0.41     0.46 +0.3 -0.2 +0.3
  thr0.03_s1_slip2 200  5259   519   0.264          2.27           2.00     0.60   -0.14     1.29 +0.5 +0.4 +2.1
  thr0.03_s1_slip2 300  5259   519   0.217          0.39           1.18     0.08   -0.61     0.79 +0.0 -0.1 +1.6
  thr0.03_s1_slip2 450  5259   519   0.203         -0.81           0.67    -0.16   -0.83     0.52 -0.3 -0.2 +0.5
  thr0.03_s2_slip0 200  1413   423   0.131          7.54           9.51     0.98    0.18     1.81 +0.3 +1.0 +1.9
  thr0.03_s2_slip0 300  1413   423   0.096         10.62           9.50     1.01    0.34     1.66 -0.0 +1.3 +1.4
  thr0.03_s2_slip0 450  1413   423   0.076          9.03           8.35     0.68    0.13     1.31 +0.1 +1.0 +0.5
  thr0.03_s2_slip2 200  1413   423   0.183          8.14           7.65     1.47    0.53     2.47 +0.4 +1.6 +2.5
  thr0.03_s2_slip2 300  1413   423   0.129          6.60           6.87     0.85    0.09     1.67 -0.5 +1.2 +1.5
  thr0.03_s2_slip2 450  1413   423   0.104          7.14           5.81     0.74    0.06     1.41 -0.4 +1.3 +0.6
thr0.05_s1.5_slip0 200  1228   399   0.130          6.70          10.31     0.87   -0.08     1.76 -0.1 +0.9 +1.9
thr0.05_s1.5_slip0 300  1228   399   0.090         10.43          10.75     0.93    0.15     1.78 -0.1 +1.3 +1.1
thr0.05_s1.5_slip0 450  1228   399   0.069          7.25           9.48     0.50   -0.14     1.22 -0.2 +0.9 +0.3
thr0.05_s1.5_slip2 200  1228   399   0.178          8.05           8.73     1.42    0.36     2.52 +0.3 +1.5 +2.6
thr0.05_s1.5_slip2 300  1228   399   0.122          7.67           8.03     0.94    0.12     1.76 -0.4 +1.2 +1.7
thr0.05_s1.5_slip2 450  1228   399   0.094          6.88           6.64     0.65   -0.03     1.36 -0.7 +1.1 +1.0
  thr0.05_s1_slip0 200  2807   487   0.123          6.40           6.84     0.78    0.20     1.40 +0.5 +0.8 +1.3
  thr0.05_s1_slip0 300  2807   487   0.090          6.78           7.13     0.61    0.09     1.15 +0.3 +0.7 +0.9
  thr0.05_s1_slip0 450  2807   487   0.076          5.73           5.80     0.43   -0.03     0.91 +0.3 +0.6 +0.1
  thr0.05_s1_slip2 200  2807   487   0.197          5.08           4.89     1.00    0.31     1.75 +0.5 +1.0 +2.2
  thr0.05_s1_slip2 300  2807   487   0.144          3.38           4.06     0.48   -0.17     1.13 -0.2 +0.5 +1.7
  thr0.05_s1_slip2 450  2807   487   0.127          1.34           2.99     0.17   -0.44     0.76 -0.3 +0.3 +0.7
  thr0.05_s2_slip0 200   628   294   0.139         12.99          13.77     1.80    0.39     3.23 +2.1 +1.6 +2.1
  thr0.05_s2_slip0 300   628   294   0.096         13.70          14.29     1.31    0.11     2.60 +0.4 +1.4 +1.9
  thr0.05_s2_slip0 450   628   294   0.070          7.76          13.37     0.54   -0.55     1.65 +0.5 +0.5 +0.7
  thr0.05_s2_slip2 200   628   294   0.194         11.37          11.91     2.21    0.79     3.87 +2.5 +1.9 +2.8
  thr0.05_s2_slip2 300   628   294   0.121         11.70          11.61     1.42    0.28     2.63 +0.6 +1.5 +2.0
  thr0.05_s2_slip2 450   628   294   0.094          7.43          10.70     0.70   -0.33     1.77 -0.0 +0.9 +0.8

=== досрочный выход (продажа по bid с комиссией), топ-30 по нижней границе ИИ ===
           вариант   L  выход_с  сигн  окон  исп_шт  исполн  цшейр_исп  цсигнал  ИИ_низ  ИИ_верх            дни
  thr0.05_s2_slip2 200      5.0   628   294     122   0.194      10.08     1.96    1.33     2.59 +1.6 +1.9 +2.5
  thr0.05_s2_slip2 200     30.0   628   294     122   0.194      10.06     1.95    1.18     2.85 +1.6 +2.0 +2.3
  thr0.05_s2_slip0 200      2.0   628   294      87   0.139      11.77     1.63    1.14     2.19 +1.2 +1.9 +1.5
  thr0.05_s2_slip2 200     10.0   628   294     122   0.194       9.34     1.81    1.12     2.62 +1.2 +1.9 +2.2
  thr0.05_s2_slip2 200      2.0   628   294     122   0.194       9.27     1.80    1.11     2.53 +1.0 +1.9 +2.3
  thr0.05_s2_slip0 200      5.0   628   294      87   0.139      12.05     1.67    1.09     2.29 +1.4 +1.7 +1.8
thr0.05_s1.5_slip2 200      2.0  1228   399     219   0.178       7.00     1.25    0.93     1.59 +0.9 +1.3 +1.6
thr0.05_s1.5_slip2 200      5.0  1228   399     219   0.178       6.98     1.24    0.88     1.61 +1.1 +1.1 +1.9
  thr0.05_s2_slip2 200     60.0   628   294     122   0.194       9.46     1.84    0.86     3.00 +2.3 +1.6 +2.0
  thr0.05_s2_slip0 200     10.0   628   294      87   0.139      11.10     1.54    0.84     2.25 +0.9 +1.8 +1.5
  thr0.03_s2_slip2 200      2.0  1413   423     258   0.183       6.09     1.11    0.82     1.43 +1.0 +1.1 +1.4
thr0.05_s1.5_slip0 200      2.0  1228   399     160   0.130       8.20     1.07    0.79     1.36 +0.7 +1.1 +1.4
thr0.05_s1.5_slip0 200      5.0  1228   399     160   0.130       8.71     1.13    0.79     1.50 +1.0 +1.0 +1.7
  thr0.05_s2_slip0 200     30.0   628   294      87   0.139      11.88     1.65    0.77     2.51 +0.9 +1.8 +1.9
  thr0.03_s2_slip0 200      5.0  1413   423     185   0.131       7.94     1.04    0.75     1.35 +1.1 +0.9 +1.5
  thr0.03_s2_slip2 200      5.0  1413   423     258   0.183       5.96     1.09    0.74     1.44 +1.2 +0.9 +1.6
  thr0.03_s2_slip0 200      2.0  1413   423     185   0.131       7.46     0.98    0.71     1.26 +0.7 +1.0 +1.2
  thr0.05_s2_slip2 300      2.0   628   294      76   0.121       9.67     1.17    0.70     1.73 +0.2 +1.5 +1.2
  thr0.05_s2_slip0 300      5.0   628   294      60   0.096      12.52     1.20    0.69     1.73 +0.6 +1.4 +1.4
thr0.05_s1.5_slip2 200     10.0  1228   399     219   0.178       5.99     1.07    0.67     1.51 +0.8 +1.1 +1.4
  thr0.05_s2_slip0 200     60.0   628   294      87   0.139      11.77     1.63    0.65     2.73 +1.3 +1.8 +1.4
  thr0.05_s2_slip2 300      5.0   628   294      76   0.121       9.81     1.19    0.65     1.72 +0.5 +1.3 +1.4
  thr0.05_s2_slip2 300     30.0   628   294      76   0.121      11.02     1.33    0.65     2.17 +0.7 +1.5 +1.5
thr0.05_s1.5_slip2 200     30.0  1228   399     219   0.178       6.46     1.15    0.63     1.70 +0.9 +1.2 +1.5
  thr0.05_s2_slip0 300      2.0   628   294      60   0.096      11.70     1.12    0.62     1.62 +0.2 +1.5 +1.1
  thr0.05_s2_slip2 300     60.0   628   294      76   0.121      11.92     1.44    0.61     2.31 +1.4 +1.4 +1.5
  thr0.05_s2_slip0 300     10.0   628   294      60   0.096      12.13     1.16    0.58     1.81 +0.2 +1.4 +1.3
  thr0.02_s2_slip0 200      5.0  2311   476     291   0.126       6.12     0.77    0.57     1.00 +0.7 +0.7 +1.2
thr0.05_s1.5_slip0 200     10.0  1228   399     160   0.130       7.38     0.96    0.57     1.37 +0.5 +1.1 +1.2
  thr0.02_s2_slip2 200      2.0  2311   476     454   0.196       3.88     0.76    0.55     0.99 +0.5 +0.8 +1.1

строк с ИИ_низ > 0: 174 из 270  (при 270 сравнениях часть таких строк случайна)

=== отложенная выборка: топ-15 по первой половине окон, результат на второй ===
                                окон_обуч  исполн_обуч  цсигнал_обуч  ИИ_низ_обуч  окон_тест  исполн_тест  цсигнал_тест  ИИ_низ_тест  ИИ_верх
вариант            L   выход_с                                                                                                               
thr0.05_s2_slip2   200 60.0           145         0.23          2.51         0.91        149         0.16          1.14        -0.28     2.59
                       5.0            145         0.23          2.26         1.32        149         0.16          1.65         0.93     2.57
                       10.0           145         0.23          2.20         1.08        149         0.16          1.42         0.63     2.38
thr0.05_s2_slip0   200 5.0            145         0.17          2.16         1.20        149         0.11          1.16         0.52     1.90
                       10.0           145         0.17          2.12         0.90        149         0.11          0.94         0.28     1.73
                       60.0           145         0.17          2.12         0.45        149         0.11          1.12        -0.02     2.52
thr0.05_s2_slip2   200 2.0            145         0.23          2.12         1.13        149         0.16          1.47         0.69     2.35
                       30.0           145         0.23          2.10         0.83        149         0.16          1.80         0.83     2.84
thr0.05_s2_slip0   200 2.0            145         0.17          2.04         1.21        149         0.11          1.21         0.58     1.92
                       30.0           145         0.17          1.93         0.50        149         0.11          1.36         0.46     2.41
thr0.05_s2_slip2   300 60.0           145         0.14          1.74         0.46        149         0.11          1.13         0.04     2.39
thr0.05_s2_slip0   300 10.0           145         0.10          1.45         0.39        149         0.09          0.86         0.30     1.69
thr0.05_s1.5_slip2 200 5.0            194         0.18          1.42         0.95        205         0.17          1.05         0.56     1.57
                       2.0            194         0.18          1.41         0.94        205         0.17          1.06         0.67     1.55
thr0.05_s2_slip0   300 5.0            145         0.10          1.34         0.67        149         0.09          1.04         0.43     1.77

все 270 вариантов: средний цсигнал обуч 0.45, тест 0.43; у топ-15 по обуч.: тест 1.23

=== средний цсигнал по выходу и задержке (все варианты) ===
L         200   300   450
выход_с                  
2.0      0.74  0.40  0.20
5.0      0.75  0.46  0.25
10.0     0.65  0.41  0.20
30.0     0.64  0.42  0.22
60.0     0.64  0.44  0.17
