/home/lab/data/2026-10-08: тиков 93847, сигналов 8340
/home/lab/data/2026-10-09: тиков 78004, сигналов 12232
/home/lab/data/2026-10-10: тиков 5799, сигналов 1510
           вариант   L  сигн  окон  исполн  цшейр_расчёт  цшейр_маркаут  цсигнал  ИИ_низ  ИИ_верх            дни
thr0.02_s1.5_slip0 200  1503   401   0.136         10.70           8.45     1.46    0.69     2.35 +0.4 +2.2 +1.2
thr0.02_s1.5_slip0 300  1503   401   0.099         10.90           8.33     1.08    0.44     1.76 +0.1 +1.8 +0.7
thr0.02_s1.5_slip0 450  1503   401   0.081          7.48           6.97     0.61   -0.00     1.22 -0.4 +1.4 -0.3
thr0.02_s1.5_slip2 200  1503   401   0.190          8.87           6.88     1.69    0.74     2.69 +0.3 +2.5 +2.3
thr0.02_s1.5_slip2 300  1503   401   0.136          9.24           6.09     1.26    0.44     2.09 +0.1 +2.0 +1.2
thr0.02_s1.5_slip2 450  1503   401   0.114          4.71           4.69     0.54   -0.13     1.22 -0.5 +1.4 -0.6
  thr0.02_s1_slip0 200  4071   490   0.133          5.09           4.56     0.68    0.24     1.11 +0.3 +0.8 +2.0
  thr0.02_s1_slip0 300  4071   490   0.106          3.54           3.59     0.37   -0.03     0.76 -0.2 +0.6 +1.7
  thr0.02_s1_slip0 450  4071   490   0.094          3.29           2.94     0.31   -0.09     0.69 -0.2 +0.6 +1.0
  thr0.02_s1_slip2 200  4071   490   0.252          3.73           2.68     0.94    0.31     1.63 +0.5 +1.0 +3.1
  thr0.02_s1_slip2 300  4071   490   0.199          2.65           1.59     0.53   -0.02     1.09 +0.0 +0.7 +2.7
  thr0.02_s1_slip2 450  4071   490   0.181          0.65           0.72     0.12   -0.42     0.68 -0.6 +0.6 +0.7
  thr0.02_s2_slip0 200   649   277   0.145         12.31          13.19     1.78    0.53     3.14 +1.1 +2.1 +2.4
  thr0.02_s2_slip0 300   649   277   0.102         15.40          13.28     1.57    0.56     2.63 +0.6 +2.3 +0.7
  thr0.02_s2_slip0 450   649   277   0.077         13.98          11.78     1.08    0.15     2.05 +0.3 +1.7 -0.1
  thr0.02_s2_slip2 200   649   277   0.203          8.38          10.95     1.70    0.23     3.24 +0.2 +2.3 +3.8
  thr0.02_s2_slip2 300   649   277   0.131         11.02          10.40     1.44    0.36     2.54 +0.0 +2.3 +1.7
  thr0.02_s2_slip2 450   649   277   0.106          6.77           8.49     0.72   -0.30     1.90 -0.4 +1.7 -1.4
thr0.03_s1.5_slip0 200   771   311   0.141         11.06          11.67     1.56    0.44     2.76 +0.7 +2.1 +2.0
thr0.03_s1.5_slip0 300   771   311   0.101         12.34          11.36     1.25    0.31     2.22 +0.0 +2.1 +0.5
thr0.03_s1.5_slip0 450   771   311   0.078         10.86           9.74     0.84    0.01     1.71 +0.0 +1.5 -0.2
thr0.03_s1.5_slip2 200   771   311   0.201          8.80           9.80     1.77    0.46     3.22 +0.4 +2.4 +3.2
thr0.03_s1.5_slip2 300   771   311   0.130          8.69           9.10     1.13    0.14     2.22 -0.6 +2.2 +1.4
thr0.03_s1.5_slip2 450   771   311   0.104          6.04           7.44     0.63   -0.28     1.66 -0.5 +1.7 -1.3
  thr0.03_s1_slip0 200  2387   447   0.129          8.35           7.04     1.08    0.48     1.73 +0.1 +1.7 +1.4
  thr0.03_s1_slip0 300  2387   447   0.102          8.32           6.39     0.85    0.37     1.37 -0.0 +1.5 +0.5
  thr0.03_s1_slip0 450  2387   447   0.085          5.99           5.30     0.51    0.02     1.01 -0.3 +1.2 -0.3
  thr0.03_s1_slip2 200  2387   447   0.204          7.25           5.28     1.48    0.68     2.27 +0.4 +2.2 +2.3
  thr0.03_s1_slip2 300  2387   447   0.156          6.89           4.06     1.08    0.41     1.76 +0.0 +1.8 +1.2
  thr0.03_s1_slip2 450  2387   447   0.133          3.99           3.09     0.53   -0.07     1.16 -0.7 +1.5 -0.6
  thr0.03_s2_slip0 200   339   196   0.150         19.53          16.99     2.94    1.20     4.66 +2.5 +3.0 +3.9
  thr0.03_s2_slip0 300   339   196   0.112         19.98          16.40     2.24    0.73     3.90 +2.1 +2.3 +2.4
  thr0.03_s2_slip0 450   339   196   0.071         29.32          16.73     2.08    0.71     3.52 +2.5 +2.0 +1.0
  thr0.03_s2_slip2 200   339   196   0.189         14.21          14.34     2.68    0.82     4.78 +1.7 +3.0 +3.9
  thr0.03_s2_slip2 300   339   196   0.139         15.79          13.98     2.19    0.57     3.91 +1.5 +2.3 +4.1
  thr0.03_s2_slip2 450   339   196   0.091         22.84          12.01     2.09    0.74     3.58 +1.9 +2.4 +1.2
thr0.05_s1.5_slip0 200   281   173   0.167         20.86          17.06     3.49    1.58     5.64 +3.1 +3.5 +4.6
thr0.05_s1.5_slip0 300   281   173   0.121         22.26          16.46     2.69    0.82     4.54 +2.6 +2.7 +2.8
thr0.05_s1.5_slip0 450   281   173   0.071         32.94          17.49     2.34    0.93     3.87 +2.5 +2.5 +1.2
thr0.05_s1.5_slip2 200   281   173   0.203         17.36          15.72     3.52    1.39     5.84 +2.5 +3.9 +4.6
thr0.05_s1.5_slip2 300   281   173   0.142         19.45          16.05     2.77    1.10     4.59 +1.9 +2.9 +4.8
thr0.05_s1.5_slip2 450   281   173   0.093         29.55          13.93     2.73    1.28     4.31 +2.4 +3.2 +1.4
  thr0.05_s1_slip0 200   929   331   0.142          9.26          10.15     1.32    0.32     2.39 +0.4 +1.9 +1.8
  thr0.05_s1_slip0 300   929   331   0.104         10.89           9.72     1.14    0.30     2.03 +0.1 +1.9 +0.5
  thr0.05_s1_slip0 450   929   331   0.082          9.34           8.50     0.76   -0.06     1.61 -0.1 +1.4 -0.2
  thr0.05_s1_slip2 200   929   331   0.199          7.89           8.72     1.57    0.38     2.78 -0.0 +2.3 +3.6
  thr0.05_s1_slip2 300   929   331   0.137          7.47           7.50     1.02    0.11     1.95 -0.9 +2.2 +1.4
  thr0.05_s1_slip2 450   929   331   0.108          5.75           6.39     0.62   -0.26     1.54 -0.5 +1.6 -1.2
  thr0.05_s2_slip0 200   111    79   0.144         21.03          24.28     3.03   -0.19     6.18 +1.2 +2.8 +6.4
  thr0.05_s2_slip0 300   111    79   0.108         18.42          21.08     1.99   -0.86     4.58 -0.7 +2.8 +3.9
  thr0.05_s2_slip0 450   111    79   0.081         24.32          20.15     1.97   -0.62     4.66 -0.7 +3.5 +1.7
  thr0.05_s2_slip2 200   111    79   0.180         17.93          20.01     3.23   -0.19     6.67 +1.7 +2.8 +6.8
  thr0.05_s2_slip2 300   111    79   0.126         22.19          19.86     2.80   -0.10     5.90 -0.7 +3.4 +6.3
  thr0.05_s2_slip2 450   111    79   0.090         25.72          15.92     2.32   -0.48     5.22 -0.7 +4.2 +1.7

=== досрочный выход (продажа по bid с комиссией), топ-30 по нижней границе ИИ ===
           вариант   L  выход_с  сигн  окон  исп_шт  исполн  цшейр_исп  цсигнал  ИИ_низ  ИИ_верх            дни
thr0.05_s1.5_slip2 200      2.0   281   173      57   0.203      14.00     2.84    1.86     4.01 +1.6 +3.4 +4.0
thr0.05_s1.5_slip0 200     60.0   281   173      47   0.167      21.35     3.57    1.86     5.38 +2.8 +3.9 +4.6
thr0.05_s1.5_slip2 300     60.0   281   173      40   0.142      21.14     3.01    1.68     4.54 +2.2 +3.2 +4.7
thr0.05_s1.5_slip2 200     60.0   281   173      57   0.203      16.56     3.36    1.66     5.16 +2.1 +3.8 +4.9
  thr0.03_s2_slip0 200     60.0   339   196      51   0.150      20.53     3.09    1.65     4.60 +2.5 +3.3 +3.9
thr0.05_s1.5_slip2 200      5.0   281   173      57   0.203      13.59     2.76    1.61     4.04 +1.7 +3.0 +5.2
  thr0.05_s2_slip0 200     10.0   111    79      16   0.144      25.12     3.62    1.59     6.19 +2.5 +3.4 +5.9
thr0.05_s1.5_slip0 200      2.0   281   173      47   0.167      15.53     2.60    1.58     3.70 +1.7 +3.1 +3.0
  thr0.03_s2_slip2 200      2.0   339   196      64   0.189      12.84     2.42    1.58     3.36 +1.6 +2.8 +3.4
  thr0.05_s2_slip0 200      5.0   111    79      16   0.144      22.72     3.28    1.56     5.20 +1.5 +3.3 +5.9
thr0.05_s1.5_slip0 200      5.0   281   173      47   0.167      15.42     2.58    1.50     3.74 +1.7 +2.8 +4.3
  thr0.05_s2_slip2 200      5.0   111    79      20   0.180      18.08     3.26    1.49     5.32 +1.6 +3.1 +6.3
thr0.05_s1.5_slip0 200     30.0   281   173      47   0.167      16.66     2.79    1.47     4.45 +2.1 +2.9 +4.5
thr0.05_s1.5_slip2 200     30.0   281   173      57   0.203      13.74     2.79    1.46     4.24 +2.1 +2.8 +5.1
  thr0.05_s2_slip2 200     10.0   111    79      20   0.180      19.84     3.57    1.44     6.14 +2.5 +3.2 +6.3
  thr0.03_s2_slip0 200      2.0   339   196      51   0.150      14.86     2.24    1.43     3.13 +1.6 +2.6 +2.5
  thr0.05_s2_slip2 200      2.0   111    79      20   0.180      16.47     2.97    1.40     4.68 +1.4 +3.3 +4.5
  thr0.03_s2_slip0 200      5.0   339   196      51   0.150      15.33     2.31    1.40     3.31 +1.9 +2.3 +3.7
thr0.05_s1.5_slip0 200     10.0   281   173      47   0.167      15.57     2.60    1.38     4.06 +1.6 +2.9 +4.3
thr0.05_s1.5_slip2 200     10.0   281   173      57   0.203      13.40     2.72    1.38     4.02 +1.4 +3.1 +5.0
  thr0.05_s2_slip0 200      2.0   111    79      16   0.144      20.10     2.90    1.37     4.84 +1.4 +3.3 +4.1
  thr0.03_s2_slip0 200     30.0   339   196      51   0.150      16.54     2.49    1.37     3.78 +2.1 +2.5 +3.8
thr0.05_s1.5_slip0 300     60.0   281   173      34   0.121      22.75     2.75    1.34     4.27 +2.6 +2.8 +2.8
  thr0.03_s2_slip2 200      5.0   339   196      64   0.189      12.26     2.32    1.31     3.38 +1.9 +2.2 +4.5
  thr0.02_s2_slip2 200      2.0   649   277     132   0.203       9.04     1.84    1.30     2.43 +1.3 +1.9 +3.5
  thr0.03_s2_slip0 200     10.0   339   196      51   0.150      15.63     2.35    1.29     3.49 +1.8 +2.4 +3.7
thr0.05_s1.5_slip2 450     60.0   281   173      26   0.093      26.04     2.41    1.26     3.73 +2.1 +2.8 +1.4
  thr0.03_s2_slip2 200     60.0   339   196      64   0.189      14.29     2.70    1.22     4.27 +1.9 +2.9 +4.2
  thr0.02_s2_slip2 200      5.0   649   277     132   0.203       9.07     1.85    1.18     2.58 +1.8 +1.5 +4.1
  thr0.03_s2_slip0 300     60.0   339   196      38   0.112      20.98     2.35    1.15     3.60 +2.4 +2.3 +2.4

строк с ИИ_низ > 0: 224 из 270  (при 270 сравнениях часть таких строк случайна)

=== отложенная выборка: топ-15 по первой половине окон, результат на второй ===
                                окон_обуч  исполн_обуч  цсигнал_обуч  ИИ_низ_обуч  окон_тест  исполн_тест  цсигнал_тест  ИИ_низ_тест  ИИ_верх
вариант            L   выход_с                                                                                                               
thr0.05_s2_slip0   200 10.0            46         0.17          4.34         1.46         33         0.11          2.61         0.00     5.67
thr0.05_s2_slip2   200 10.0            46         0.20          4.01         1.06         33         0.15          2.95         0.18     6.98
thr0.05_s1.5_slip0 200 60.0            99         0.20          3.81         1.93         74         0.12          3.21         0.68     6.52
thr0.05_s1.5_slip2 200 60.0            99         0.24          3.64         1.58         74         0.15          2.94         0.15     6.10
thr0.05_s2_slip2   200 60.0            46         0.20          3.52        -0.25         33         0.15          2.59        -0.97     6.85
thr0.03_s2_slip0   200 60.0           112         0.18          3.35         1.48         84         0.10          2.68         0.63     5.08
thr0.05_s2_slip0   200 5.0             46         0.17          3.35         1.34         33         0.11          3.17         0.20     6.23
                       2.0             46         0.17          3.27         1.13         33         0.11          2.37        -0.07     5.67
                       60.0            46         0.17          3.27        -0.37         33         0.11          3.27         0.70     7.00
thr0.03_s2_slip2   200 60.0           112         0.22          3.22         1.44         84         0.14          1.88        -0.93     4.75
thr0.05_s1.5_slip2 200 10.0            99         0.24          3.17         1.33         74         0.15          2.02         0.50     3.93
thr0.05_s1.5_slip0 200 30.0            99         0.20          3.16         1.39         74         0.12          2.22        -0.02     4.72
thr0.05_s2_slip2   200 2.0             46         0.20          3.16         1.25         33         0.15          2.69         0.26     5.59
thr0.05_s1.5_slip0 200 10.0            99         0.20          3.15         1.30         74         0.12          1.77         0.30     3.75
thr0.03_s2_slip2   200 10.0           112         0.22          3.04         1.28         84         0.14          1.14        -0.80     3.06

все 270 вариантов: средний цсигнал обуч 1.22, тест 1.03; у топ-15 по обуч.: тест 2.50

=== средний цсигнал по выходу и задержке (все варианты) ===
L         200   300   450
выход_с                  
2.0      1.57  0.98  0.56
5.0      1.64  1.08  0.60
10.0     1.58  1.06  0.64
30.0     1.56  1.02  0.69
60.0     1.86  1.40  0.94
